6311 300 300
170 250 6 1
85 125 4 1
68 100 5 0
171 250 6 1
86 125 4 1
172 250 6 1
87 125 4 1
88 125 4 1
186 250 7 0
187 250 7 0
188 250 7 0
189 250 7 0
190 250 7 0
191 250 7 0
192 250 7 0
193 250 7 0
194 250 7 0
194 200 3 1
195 200 3 1
196 200 3 1
197 200 3 1
198 200 3 1
199 200 3 1
200 200 3 1
188 175 3 1
189 175 3 1
190 175 3 1
191 175 3 1
192 175 3 1
193 175 3 1
194 175 3 1
233 225 2 0
187 150 3 1
188 150 3 1
189 150 3 1
190 150 3 1
191 150 3 1
192 150 3 1
226 200 2 0
193 150 3 1
227 200 2 0
194 150 3 1
228 200 2 0
229 200 2 0
230 200 2 0
231 200 2 0
232 200 2 0
215 175 2 0
216 175 2 0
217 175 2 0
184 125 3 1
218 175 2 0
185 125 3 1
219 175 2 0
186 125 3 1
220 175 2 0
187 125 3 1
221 175 2 0
188 125 3 1
222 175 2 0
189 125 3 1
223 175 2 0
190 125 3 1
175 100 3 1
176 100 3 1
210 150 2 0
177 100 3 1
211 150 2 0
178 100 3 1
212 150 2 0
162 75 3 1
179 100 3 1
213 150 2 0
163 75 3 1
180 100 3 1
214 150 2 0
164 75 3 1
181 100 3 1
215 150 2 0
165 75 3 1
216 150 2 0
166 75 3 1
167 75 3 1
168 75 3 1
169 75 3 1
210 125 2 0
211 125 2 0
212 125 2 0
213 125 2 0
214 125 2 0
215 125 2 0
216 125 2 0
202 100 2 0
203 100 2 0
204 100 2 0
205 100 2 0
206 100 2 0
207 100 2 0
208 100 2 0
192 75 2 0
193 75 2 0
194 75 2 0
195 75 2 0
196 75 2 0
197 75 2 0
198 75 2 0
181 50 2 0
17 251 7 0
182 50 2 0
18 251 7 0
183 50 2 0
19 251 7 0
184 50 2 0
20 251 7 0
185 50 2 0
21 251 7 0
186 50 2 0
22 251 7 0
23 251 7 0
11 176 5 0
12 176 5 0
13 176 5 0
14 176 5 0
15 176 5 0
67 251 6 1
16 176 5 0
68 251 6 1
69 251 6 1
70 251 6 1
71 251 6 1
72 251 6 1
73 251 6 1
74 251 6 1
75 251 6 1
76 251 6 1
94 276 7 0
77 251 6 1
95 276 7 0
78 251 6 1
96 276 7 0
79 251 6 1
97 276 7 0
80 251 6 1
98 276 7 0
81 251 6 1
99 276 7 0
82 251 6 1
100 276 7 0
83 251 6 1
101 276 7 0
84 251 6 1
102 276 7 0
85 251 6 1
103 276 7 0
86 251 6 1
104 276 7 0
87 251 6 1
105 276 7 0
88 251 6 1
20 151 5 0
106 276 7 0
89 251 6 1
21 151 5 0
107 276 7 0
90 251 6 1
22 151 5 0
108 276 7 0
91 251 6 1
23 151 5 0
109 276 7 0
92 251 6 1
24 151 5 0
110 276 7 0
93 251 6 1
25 151 5 0
111 276 7 0
94 251 6 1
26 151 5 0
112 276 7 0
95 251 6 1
27 151 5 0
113 276 7 0
96 251 6 1
114 276 7 0
97 251 6 1
115 276 7 0
116 276 7 0
33 126 5 0
34 126 5 0
35 126 5 0
36 126 5 0
37 126 5 0
38 126 5 0
39 126 5 0
40 126 5 0
144 276 7 0
145 276 7 0
60 151 4 1
146 276 7 0
61 151 4 1
147 276 7 0
62 151 4 1
148 276 7 0
63 151 4 1
149 276 7 0
64 151 4 1
150 276 7 0
65 151 4 1
151 276 7 0
66 151 4 1
152 276 7 0
67 151 4 1
153 276 7 0
68 151 4 1
154 276 7 0
69 151 4 1
155 276 7 0
156 276 7 0
157 276 7 0
158 276 7 0
159 276 7 0
160 276 7 0
149 251 6 1
150 251 6 1
151 251 6 1
152 251 6 1
153 251 6 1
154 251 6 1
155 251 6 1
156 251 6 1
157 251 6 1
158 251 6 1
56 101 5 0
159 251 6 1
57 101 5 0
160 251 6 1
58 101 5 0
161 251 6 1
59 101 5 0
162 251 6 1
60 101 5 0
163 251 6 1
61 101 5 0
164 251 6 1
62 101 5 0
165 251 6 1
80 126 4 1
63 101 5 0
166 251 6 1
81 126 4 1
64 101 5 0
167 251 6 1
82 126 4 1
65 101 5 0
168 251 6 1
83 126 4 1
66 101 5 0
169 251 6 1
84 126 4 1
67 101 5 0
170 251 6 1
85 126 4 1
171 251 6 1
86 126 4 1
87 126 4 1
88 126 4 1
185 251 7 0
186 251 7 0
187 251 7 0
188 251 7 0
189 251 7 0
190 251 7 0
191 251 7 0
192 251 7 0
193 251 7 0
194 201 3 1
195 201 3 1
196 201 3 1
197 201 3 1
198 201 3 1
199 201 3 1
200 201 3 1
201 201 3 1
188 176 3 1
189 176 3 1
190 176 3 1
191 176 3 1
192 176 3 1
193 176 3 1
194 176 3 1
188 151 3 1
189 151 3 1
190 151 3 1
191 151 3 1
192 151 3 1
226 201 2 0
193 151 3 1
227 201 2 0
194 151 3 1
228 201 2 0
229 201 2 0
230 201 2 0
231 201 2 0
232 201 2 0
233 201 2 0
216 176 2 0
217 176 2 0
184 126 3 1
218 176 2 0
185 126 3 1
219 176 2 0
186 126 3 1
220 176 2 0
187 126 3 1
221 176 2 0
188 126 3 1
222 176 2 0
189 126 3 1
223 176 2 0
190 126 3 1
175 101 3 1
176 101 3 1
210 151 2 0
177 101 3 1
211 151 2 0
178 101 3 1
212 151 2 0
162 76 3 1
179 101 3 1
213 151 2 0
163 76 3 1
180 101 3 1
214 151 2 0
164 76 3 1
181 101 3 1
215 151 2 0
165 76 3 1
216 151 2 0
166 76 3 1
167 76 3 1
168 76 3 1
169 76 3 1
170 76 3 1
171 76 3 1
159 51 3 1
210 126 2 0
211 126 2 0
212 126 2 0
213 126 2 0
214 126 2 0
215 126 2 0
216 126 2 0
202 101 2 0
203 101 2 0
204 101 2 0
205 101 2 0
206 101 2 0
207 101 2 0
208 101 2 0
209 101 2 0
192 76 2 0
193 76 2 0
194 76 2 0
195 76 2 0
196 76 2 0
197 76 2 0
180 51 2 0
198 76 2 0
181 51 2 0
182 51 2 0
18 252 7 0
183 51 2 0
19 252 7 0
184 51 2 0
20 252 7 0
185 51 2 0
21 252 7 0
186 51 2 0
22 252 7 0
187 51 2 0
23 252 7 0
24 252 7 0
11 177 5 0
12 177 5 0
13 177 5 0
14 177 5 0
15 177 5 0
16 177 5 0
76 252 6 1
77 252 6 1
78 252 6 1
79 252 6 1
80 252 6 1
98 277 7 0
81 252 6 1
99 277 7 0
82 252 6 1
100 277 7 0
83 252 6 1
101 277 7 0
84 252 6 1
102 277 7 0
85 252 6 1
103 277 7 0
86 252 6 1
104 277 7 0
87 252 6 1
105 277 7 0
88 252 6 1
20 152 5 0
106 277 7 0
89 252 6 1
21 152 5 0
107 277 7 0
90 252 6 1
22 152 5 0
108 277 7 0
91 252 6 1
23 152 5 0
109 277 7 0
92 252 6 1
24 152 5 0
110 277 7 0
93 252 6 1
25 152 5 0
111 277 7 0
94 252 6 1
26 152 5 0
112 277 7 0
95 252 6 1
113 277 7 0
96 252 6 1
114 277 7 0
97 252 6 1
115 277 7 0
98 252 6 1
116 277 7 0
99 252 6 1
117 277 7 0
100 252 6 1
118 277 7 0
119 277 7 0
120 277 7 0
121 277 7 0
122 277 7 0
123 277 7 0
124 277 7 0
33 127 5 0
34 127 5 0
35 127 5 0
36 127 5 0
37 127 5 0
38 127 5 0
39 127 5 0
142 277 7 0
143 277 7 0
144 277 7 0
145 277 7 0
60 152 4 1
146 277 7 0
61 152 4 1
147 277 7 0
62 152 4 1
148 277 7 0
63 152 4 1
149 277 7 0
64 152 4 1
150 277 7 0
65 152 4 1
151 277 7 0
66 152 4 1
152 277 7 0
67 152 4 1
153 277 7 0
68 152 4 1
154 277 7 0
69 152 4 1
155 277 7 0
156 277 7 0
157 277 7 0
144 252 6 1
145 252 6 1
146 252 6 1
147 252 6 1
148 252 6 1
149 252 6 1
150 252 6 1
151 252 6 1
152 252 6 1
153 252 6 1
154 252 6 1
155 252 6 1
156 252 6 1
54 102 5 0
157 252 6 1
55 102 5 0
158 252 6 1
56 102 5 0
159 252 6 1
57 102 5 0
160 252 6 1
58 102 5 0
161 252 6 1
59 102 5 0
162 252 6 1
60 102 5 0
163 252 6 1
61 102 5 0
164 252 6 1
62 102 5 0
165 252 6 1
80 127 4 1
63 102 5 0
166 252 6 1
81 127 4 1
64 102 5 0
167 252 6 1
82 127 4 1
65 102 5 0
168 252 6 1
83 127 4 1
66 102 5 0
169 252 6 1
84 127 4 1
170 252 6 1
85 127 4 1
171 252 6 1
86 127 4 1
87 127 4 1
183 252 7 0
184 252 7 0
185 252 7 0
186 252 7 0
187 252 7 0
188 252 7 0
189 252 7 0
190 252 7 0
191 252 7 0
192 252 7 0
195 202 3 1
196 202 3 1
197 202 3 1
198 202 3 1
199 202 3 1
200 202 3 1
201 202 3 1
188 177 3 1
189 177 3 1
190 177 3 1
191 177 3 1
192 177 3 1
193 177 3 1
194 177 3 1
188 152 3 1
189 152 3 1
190 152 3 1
191 152 3 1
192 152 3 1
193 152 3 1
227 202 2 0
194 152 3 1
228 202 2 0
229 202 2 0
230 202 2 0
231 202 2 0
232 202 2 0
233 202 2 0
217 177 2 0
184 127 3 1
218 177 2 0
185 127 3 1
219 177 2 0
186 127 3 1
220 177 2 0
187 127 3 1
221 177 2 0
188 127 3 1
222 177 2 0
189 127 3 1
223 177 2 0
190 127 3 1
224 177 2 0
175 102 3 1
176 102 3 1
210 152 2 0
177 102 3 1
211 152 2 0
178 102 3 1
212 152 2 0
179 102 3 1
213 152 2 0
163 77 3 1
180 102 3 1
214 152 2 0
164 77 3 1
181 102 3 1
215 152 2 0
165 77 3 1
182 102 3 1
216 152 2 0
166 77 3 1
167 77 3 1
168 77 3 1
169 77 3 1
170 77 3 1
171 77 3 1
157 52 3 1
158 52 3 1
159 52 3 1
210 127 2 0
160 52 3 1
211 127 2 0
161 52 3 1
212 127 2 0
213 127 2 0
214 127 2 0
215 127 2 0
216 127 2 0
203 102 2 0
204 102 2 0
205 102 2 0
206 102 2 0
207 102 2 0
208 102 2 0
209 102 2 0
192 77 2 0
193 77 2 0
194 77 2 0
195 77 2 0
196 77 2 0
197 77 2 0
180 52 2 0
198 77 2 0
181 52 2 0
182 52 2 0
18 253 7 0
183 52 2 0
19 253 7 0
184 52 2 0
20 253 7 0
185 52 2 0
21 253 7 0
186 52 2 0
22 253 7 0
187 52 2 0
23 253 7 0
24 253 7 0
13 178 5 0
14 178 5 0
78 253 6 1
79 253 6 1
80 253 6 1
81 253 6 1
82 253 6 1
83 253 6 1
84 253 6 1
102 278 7 0
85 253 6 1
103 278 7 0
86 253 6 1
104 278 7 0
87 253 6 1
105 278 7 0
88 253 6 1
20 153 5 0
106 278 7 0
89 253 6 1
21 153 5 0
107 278 7 0
90 253 6 1
22 153 5 0
108 278 7 0
91 253 6 1
23 153 5 0
109 278 7 0
92 253 6 1
24 153 5 0
110 278 7 0
93 253 6 1
25 153 5 0
111 278 7 0
94 253 6 1
26 153 5 0
112 278 7 0
95 253 6 1
113 278 7 0
96 253 6 1
114 278 7 0
97 253 6 1
115 278 7 0
98 253 6 1
116 278 7 0
99 253 6 1
117 278 7 0
100 253 6 1
118 278 7 0
101 253 6 1
119 278 7 0
102 253 6 1
120 278 7 0
103 253 6 1
121 278 7 0
104 253 6 1
122 278 7 0
105 253 6 1
123 278 7 0
106 253 6 1
124 278 7 0
107 253 6 1
125 278 7 0
108 253 6 1
126 278 7 0
109 253 6 1
110 253 6 1
111 253 6 1
112 253 6 1
113 253 6 1
114 253 6 1
115 253 6 1
116 253 6 1
117 253 6 1
32 128 5 0
118 253 6 1
33 128 5 0
119 253 6 1
34 128 5 0
120 253 6 1
35 128 5 0
121 253 6 1
36 128 5 0
122 253 6 1
37 128 5 0
140 278 7 0
123 253 6 1
38 128 5 0
141 278 7 0
124 253 6 1
39 128 5 0
142 278 7 0
125 253 6 1
143 278 7 0
126 253 6 1
144 278 7 0
127 253 6 1
59 153 4 1
145 278 7 0
128 253 6 1
60 153 4 1
146 278 7 0
129 253 6 1
61 153 4 1
147 278 7 0
130 253 6 1
62 153 4 1
148 278 7 0
131 253 6 1
63 153 4 1
149 278 7 0
132 253 6 1
64 153 4 1
150 278 7 0
133 253 6 1
65 153 4 1
151 278 7 0
134 253 6 1
66 153 4 1
152 278 7 0
135 253 6 1
67 153 4 1
153 278 7 0
136 253 6 1
154 278 7 0
137 253 6 1
155 278 7 0
138 253 6 1
139 253 6 1
140 253 6 1
141 253 6 1
142 253 6 1
143 253 6 1
144 253 6 1
145 253 6 1
146 253 6 1
147 253 6 1
148 253 6 1
149 253 6 1
150 253 6 1
151 253 6 1
152 253 6 1
153 253 6 1
154 253 6 1
155 253 6 1
53 103 5 0
156 253 6 1
54 103 5 0
157 253 6 1
55 103 5 0
158 253 6 1
56 103 5 0
159 253 6 1
57 103 5 0
160 253 6 1
58 103 5 0
161 253 6 1
59 103 5 0
162 253 6 1
60 103 5 0
163 253 6 1
78 128 4 1
61 103 5 0
164 253 6 1
79 128 4 1
62 103 5 0
165 253 6 1
80 128 4 1
63 103 5 0
166 253 6 1
81 128 4 1
64 103 5 0
167 253 6 1
82 128 4 1
168 253 6 1
83 128 4 1
169 253 6 1
84 128 4 1
85 128 4 1
86 128 4 1
183 253 7 0
184 253 7 0
185 253 7 0
186 253 7 0
187 253 7 0
188 253 7 0
189 253 7 0
190 253 7 0
191 253 7 0
195 203 3 1
196 203 3 1
197 203 3 1
198 203 3 1
199 203 3 1
200 203 3 1
201 203 3 1
188 178 3 1
189 178 3 1
190 178 3 1
191 178 3 1
192 178 3 1
193 178 3 1
194 178 3 1
195 178 3 1
188 153 3 1
189 153 3 1
190 153 3 1
191 153 3 1
192 153 3 1
193 153 3 1
227 203 2 0
194 153 3 1
228 203 2 0
229 203 2 0
230 203 2 0
231 203 2 0
232 203 2 0
233 203 2 0
217 178 2 0
184 128 3 1
218 178 2 0
185 128 3 1
219 178 2 0
186 128 3 1
220 178 2 0
187 128 3 1
221 178 2 0
188 128 3 1
222 178 2 0
189 128 3 1
223 178 2 0
190 128 3 1
224 178 2 0
191 128 3 1
176 103 3 1
210 153 2 0
177 103 3 1
211 153 2 0
178 103 3 1
212 153 2 0
179 103 3 1
213 153 2 0
163 78 3 1
180 103 3 1
214 153 2 0
164 78 3 1
181 103 3 1
215 153 2 0
165 78 3 1
182 103 3 1
216 153 2 0
166 78 3 1
167 78 3 1
168 78 3 1
169 78 3 1
170 78 3 1
171 78 3 1
172 78 3 1
157 53 3 1
158 53 3 1
159 53 3 1
210 128 2 0
160 53 3 1
211 128 2 0
161 53 3 1
212 128 2 0
213 128 2 0
214 128 2 0
215 128 2 0
216 128 2 0
203 103 2 0
204 103 2 0
205 103 2 0
206 103 2 0
207 103 2 0
208 103 2 0
209 103 2 0
192 78 2 0
193 78 2 0
194 78 2 0
195 78 2 0
196 78 2 0
197 78 2 0
198 78 2 0
181 53 2 0
199 78 2 0
182 53 2 0
18 254 7 0
183 53 2 0
19 254 7 0
184 53 2 0
20 254 7 0
185 53 2 0
21 254 7 0
186 53 2 0
22 254 7 0
187 53 2 0
23 254 7 0
188 53 2 0
24 254 7 0
25 254 7 0
84 254 6 1
85 254 6 1
86 254 6 1
104 279 7 0
87 254 6 1
105 279 7 0
88 254 6 1
20 154 5 0
106 279 7 0
89 254 6 1
21 154 5 0
107 279 7 0
90 254 6 1
22 154 5 0
108 279 7 0
91 254 6 1
23 154 5 0
109 279 7 0
92 254 6 1
24 154 5 0
110 279 7 0
93 254 6 1
25 154 5 0
111 279 7 0
94 254 6 1
26 154 5 0
112 279 7 0
95 254 6 1
113 279 7 0
96 254 6 1
114 279 7 0
97 254 6 1
115 279 7 0
98 254 6 1
116 279 7 0
99 254 6 1
117 279 7 0
100 254 6 1
118 279 7 0
101 254 6 1
119 279 7 0
102 254 6 1
120 279 7 0
103 254 6 1
121 279 7 0
104 254 6 1
122 279 7 0
105 254 6 1
123 279 7 0
106 254 6 1
124 279 7 0
107 254 6 1
125 279 7 0
108 254 6 1
126 279 7 0
109 254 6 1
127 279 7 0
110 254 6 1
111 254 6 1
112 254 6 1
113 254 6 1
114 254 6 1
115 254 6 1
116 254 6 1
31 129 5 0
117 254 6 1
32 129 5 0
135 279 7 0
118 254 6 1
33 129 5 0
136 279 7 0
119 254 6 1
34 129 5 0
137 279 7 0
120 254 6 1
35 129 5 0
138 279 7 0
121 254 6 1
36 129 5 0
139 279 7 0
122 254 6 1
37 129 5 0
140 279 7 0
123 254 6 1
38 129 5 0
141 279 7 0
124 254 6 1
142 279 7 0
125 254 6 1
143 279 7 0
126 254 6 1
144 279 7 0
127 254 6 1
59 154 4 1
145 279 7 0
128 254 6 1
60 154 4 1
146 279 7 0
129 254 6 1
61 154 4 1
147 279 7 0
130 254 6 1
62 154 4 1
148 279 7 0
131 254 6 1
63 154 4 1
149 279 7 0
132 254 6 1
64 154 4 1
150 279 7 0
133 254 6 1
65 154 4 1
151 279 7 0
134 254 6 1
66 154 4 1
152 279 7 0
135 254 6 1
67 154 4 1
153 279 7 0
136 254 6 1
137 254 6 1
138 254 6 1
139 254 6 1
140 254 6 1
141 254 6 1
142 254 6 1
143 254 6 1
144 254 6 1
145 254 6 1
146 254 6 1
147 254 6 1
148 254 6 1
149 254 6 1
150 254 6 1
151 254 6 1
152 254 6 1
153 254 6 1
154 254 6 1
52 104 5 0
155 254 6 1
53 104 5 0
156 254 6 1
54 104 5 0
157 254 6 1
55 104 5 0
158 254 6 1
56 104 5 0
159 254 6 1
57 104 5 0
160 254 6 1
58 104 5 0
161 254 6 1
59 104 5 0
162 254 6 1
60 104 5 0
163 254 6 1
78 129 4 1
61 104 5 0
164 254 6 1
79 129 4 1
62 104 5 0
165 254 6 1
80 129 4 1
63 104 5 0
81 129 4 1
82 129 4 1
83 129 4 1
84 129 4 1
85 129 4 1
86 129 4 1
181 254 7 0
182 254 7 0
183 254 7 0
184 254 7 0
185 254 7 0
186 254 7 0
187 254 7 0
188 254 7 0
189 254 7 0
190 254 7 0
191 254 7 0
92 104 4 1
196 204 3 1
197 204 3 1
198 204 3 1
199 204 3 1
200 204 3 1
201 204 3 1
202 204 3 1
189 179 3 1
190 179 3 1
191 179 3 1
192 179 3 1
193 179 3 1
194 179 3 1
195 179 3 1
188 154 3 1
189 154 3 1
190 154 3 1
191 154 3 1
192 154 3 1
193 154 3 1
227 204 2 0
194 154 3 1
228 204 2 0
229 204 2 0
230 204 2 0
231 204 2 0
232 204 2 0
233 204 2 0
218 179 2 0
185 129 3 1
219 179 2 0
186 129 3 1
220 179 2 0
187 129 3 1
221 179 2 0
188 129 3 1
222 179 2 0
189 129 3 1
223 179 2 0
190 129 3 1
224 179 2 0
191 129 3 1
225 179 2 0
176 104 3 1
210 154 2 0
177 104 3 1
211 154 2 0
178 104 3 1
212 154 2 0
179 104 3 1
213 154 2 0
180 104 3 1
214 154 2 0
181 104 3 1
215 154 2 0
165 79 3 1
182 104 3 1
216 154 2 0
166 79 3 1
167 79 3 1
168 79 3 1
169 79 3 1
170 79 3 1
171 79 3 1
172 79 3 1
156 54 3 1
157 54 3 1
158 54 3 1
159 54 3 1
210 129 2 0
160 54 3 1
211 129 2 0
161 54 3 1
212 129 2 0
162 54 3 1
213 129 2 0
214 129 2 0
215 129 2 0
216 129 2 0
204 104 2 0
205 104 2 0
206 104 2 0
207 104 2 0
208 104 2 0
209 104 2 0
210 104 2 0
193 79 2 0
194 79 2 0
195 79 2 0
196 79 2 0
197 79 2 0
198 79 2 0
181 54 2 0
199 79 2 0
182 54 2 0
183 54 2 0
19 255 7 0
184 54 2 0
20 255 7 0
185 54 2 0
21 255 7 0
186 54 2 0
22 255 7 0
187 54 2 0
23 255 7 0
188 54 2 0
24 255 7 0
189 54 2 0
25 255 7 0
25 230 6 1
26 230 6 1
27 230 6 1
86 255 6 1
87 255 6 1
19 155 5 0
88 255 6 1
20 155 5 0
89 255 6 1
21 155 5 0
107 280 7 0
90 255 6 1
22 155 5 0
108 280 7 0
91 255 6 1
23 155 5 0
109 280 7 0
92 255 6 1
24 155 5 0
110 280 7 0
93 255 6 1
25 155 5 0
111 280 7 0
94 255 6 1
26 155 5 0
112 280 7 0
95 255 6 1
113 280 7 0
96 255 6 1
114 280 7 0
97 255 6 1
115 280 7 0
98 255 6 1
116 280 7 0
99 255 6 1
117 280 7 0
100 255 6 1
118 280 7 0
101 255 6 1
119 280 7 0
102 255 6 1
120 280 7 0
103 255 6 1
121 280 7 0
104 255 6 1
122 280 7 0
105 255 6 1
123 280 7 0
106 255 6 1
124 280 7 0
107 255 6 1
125 280 7 0
108 255 6 1
126 280 7 0
109 255 6 1
127 280 7 0
110 255 6 1
128 280 7 0
111 255 6 1
129 280 7 0
112 255 6 1
113 255 6 1
114 255 6 1
115 255 6 1
133 280 7 0
116 255 6 1
31 130 5 0
134 280 7 0
117 255 6 1
32 130 5 0
135 280 7 0
118 255 6 1
33 130 5 0
136 280 7 0
119 255 6 1
34 130 5 0
137 280 7 0
120 255 6 1
35 130 5 0
138 280 7 0
121 255 6 1
36 130 5 0
139 280 7 0
122 255 6 1
37 130 5 0
140 280 7 0
123 255 6 1
141 280 7 0
124 255 6 1
142 280 7 0
125 255 6 1
57 155 4 1
143 280 7 0
126 255 6 1
58 155 4 1
144 280 7 0
127 255 6 1
59 155 4 1
145 280 7 0
128 255 6 1
60 155 4 1
146 280 7 0
129 255 6 1
61 155 4 1
147 280 7 0
130 255 6 1
62 155 4 1
148 280 7 0
131 255 6 1
63 155 4 1
149 280 7 0
132 255 6 1
64 155 4 1
150 280 7 0
133 255 6 1
65 155 4 1
151 280 7 0
134 255 6 1
152 280 7 0
135 255 6 1
136 255 6 1
137 255 6 1
138 255 6 1
139 255 6 1
140 255 6 1
141 255 6 1
142 255 6 1
143 255 6 1
144 255 6 1
145 255 6 1
146 255 6 1
147 255 6 1
148 255 6 1
149 255 6 1
150 255 6 1
151 255 6 1
152 255 6 1
153 255 6 1
51 105 5 0
154 255 6 1
52 105 5 0
155 255 6 1
53 105 5 0
156 255 6 1
54 105 5 0
157 255 6 1
55 105 5 0
158 255 6 1
56 105 5 0
159 255 6 1
57 105 5 0
160 255 6 1
58 105 5 0
161 255 6 1
59 105 5 0
162 255 6 1
77 130 4 1
60 105 5 0
163 255 6 1
78 130 4 1
61 105 5 0
79 130 4 1
80 130 4 1
81 130 4 1
82 130 4 1
83 130 4 1
84 130 4 1
85 130 4 1
180 255 7 0
181 255 7 0
182 255 7 0
183 255 7 0
184 255 7 0
185 255 7 0
186 255 7 0
187 255 7 0
188 255 7 0
189 255 7 0
190 255 7 0
90 105 4 1
91 105 4 1
92 105 4 1
93 105 4 1
94 105 4 1
196 205 3 1
197 205 3 1
198 205 3 1
199 205 3 1
200 205 3 1
201 205 3 1
202 205 3 1
189 180 3 1
190 180 3 1
191 180 3 1
192 180 3 1
193 180 3 1
194 180 3 1
195 180 3 1
188 155 3 1
189 155 3 1
190 155 3 1
191 155 3 1
192 155 3 1
193 155 3 1
227 205 2 0
194 155 3 1
228 205 2 0
229 205 2 0
230 205 2 0
231 205 2 0
232 205 2 0
233 205 2 0
218 180 2 0
185 130 3 1
219 180 2 0
186 130 3 1
220 180 2 0
187 130 3 1
221 180 2 0
188 130 3 1
222 180 2 0
189 130 3 1
223 180 2 0
190 130 3 1
224 180 2 0
191 130 3 1
225 180 2 0
176 105 3 1
210 155 2 0
177 105 3 1
211 155 2 0
178 105 3 1
212 155 2 0
179 105 3 1
213 155 2 0
180 105 3 1
214 155 2 0
181 105 3 1
215 155 2 0
165 80 3 1
182 105 3 1
216 155 2 0
166 80 3 1
167 80 3 1
168 80 3 1
169 80 3 1
170 80 3 1
171 80 3 1
172 80 3 1
156 55 3 1
173 80 3 1
157 55 3 1
158 55 3 1
159 55 3 1
210 130 2 0
160 55 3 1
211 130 2 0
161 55 3 1
212 130 2 0
162 55 3 1
213 130 2 0
214 130 2 0
215 130 2 0
216 130 2 0
204 105 2 0
205 105 2 0
206 105 2 0
207 105 2 0
208 105 2 0
209 105 2 0
210 105 2 0
193 80 2 0
194 80 2 0
195 80 2 0
196 80 2 0
197 80 2 0
198 80 2 0
199 80 2 0
182 55 2 0
200 80 2 0
183 55 2 0
19 256 7 0
184 55 2 0
20 256 7 0
185 55 2 0
21 256 7 0
186 55 2 0
22 256 7 0
187 55 2 0
23 256 7 0
188 55 2 0
24 256 7 0
189 55 2 0
25 256 7 0
26 256 7 0
27 256 7 0
23 231 6 1
24 231 6 1
25 231 6 1
26 231 6 1
27 231 6 1
28 231 6 1
29 231 6 1
19 156 5 0
20 156 5 0
89 256 6 1
21 156 5 0
90 256 6 1
22 156 5 0
91 256 6 1
23 156 5 0
109 281 7 0
92 256 6 1
24 156 5 0
110 281 7 0
93 256 6 1
25 156 5 0
111 281 7 0
94 256 6 1
112 281 7 0
95 256 6 1
113 281 7 0
96 256 6 1
114 281 7 0
97 256 6 1
115 281 7 0
98 256 6 1
116 281 7 0
99 256 6 1
117 281 7 0
100 256 6 1
118 281 7 0
101 256 6 1
119 281 7 0
102 256 6 1
120 281 7 0
103 256 6 1
121 281 7 0
104 256 6 1
122 281 7 0
105 256 6 1
123 281 7 0
106 256 6 1
124 281 7 0
107 256 6 1
125 281 7 0
108 256 6 1
126 281 7 0
109 256 6 1
127 281 7 0
110 256 6 1
128 281 7 0
111 256 6 1
129 281 7 0
112 256 6 1
130 281 7 0
113 256 6 1
131 281 7 0
114 256 6 1
132 281 7 0
115 256 6 1
30 131 5 0
133 281 7 0
116 256 6 1
31 131 5 0
134 281 7 0
117 256 6 1
32 131 5 0
135 281 7 0
118 256 6 1
33 131 5 0
136 281 7 0
119 256 6 1
34 131 5 0
137 281 7 0
120 256 6 1
35 131 5 0
138 281 7 0
121 256 6 1
36 131 5 0
139 281 7 0
122 256 6 1
37 131 5 0
140 281 7 0
123 256 6 1
141 281 7 0
124 256 6 1
142 281 7 0
125 256 6 1
57 156 4 1
143 281 7 0
126 256 6 1
58 156 4 1
144 281 7 0
127 256 6 1
59 156 4 1
145 281 7 0
128 256 6 1
60 156 4 1
146 281 7 0
129 256 6 1
61 156 4 1
147 281 7 0
130 256 6 1
62 156 4 1
148 281 7 0
131 256 6 1
63 156 4 1
149 281 7 0
132 256 6 1
64 156 4 1
150 281 7 0
133 256 6 1
134 256 6 1
135 256 6 1
136 256 6 1
137 256 6 1
138 256 6 1
139 256 6 1
140 256 6 1
141 256 6 1
142 256 6 1
143 256 6 1
144 256 6 1
145 256 6 1
146 256 6 1
147 256 6 1
148 256 6 1
149 256 6 1
150 256 6 1
151 256 6 1
49 106 5 0
152 256 6 1
50 106 5 0
153 256 6 1
51 106 5 0
154 256 6 1
52 106 5 0
155 256 6 1
53 106 5 0
156 256 6 1
54 106 5 0
157 256 6 1
55 106 5 0
56 106 5 0
57 106 5 0
58 106 5 0
76 131 4 1
59 106 5 0
77 131 4 1
60 106 5 0
78 131 4 1
79 131 4 1
80 131 4 1
81 131 4 1
82 131 4 1
83 131 4 1
84 131 4 1
178 256 7 0
179 256 7 0
180 256 7 0
181 256 7 0
182 256 7 0
183 256 7 0
184 256 7 0
185 256 7 0
186 256 7 0
187 256 7 0
188 256 7 0
189 256 7 0
89 106 4 1
90 106 4 1
91 106 4 1
92 106 4 1
93 106 4 1
94 106 4 1
197 206 3 1
198 206 3 1
199 206 3 1
200 206 3 1
201 206 3 1
190 181 3 1
191 181 3 1
192 181 3 1
193 181 3 1
194 181 3 1
195 181 3 1
196 181 3 1
188 156 3 1
189 156 3 1
190 156 3 1
191 156 3 1
192 156 3 1
193 156 3 1
227 206 2 0
194 156 3 1
228 206 2 0
229 206 2 0
230 206 2 0
231 206 2 0
232 206 2 0
233 206 2 0
185 131 3 1
219 181 2 0
186 131 3 1
220 181 2 0
187 131 3 1
221 181 2 0
188 131 3 1
222 181 2 0
189 131 3 1
223 181 2 0
190 131 3 1
224 181 2 0
191 131 3 1
225 181 2 0
226 181 2 0
176 106 3 1
210 156 2 0
177 106 3 1
211 156 2 0
178 106 3 1
212 156 2 0
179 106 3 1
213 156 2 0
180 106 3 1
214 156 2 0
181 106 3 1
215 156 2 0
182 106 3 1
216 156 2 0
183 106 3 1
167 81 3 1
168 81 3 1
169 81 3 1
170 81 3 1
171 81 3 1
172 81 3 1
156 56 3 1
173 81 3 1
157 56 3 1
158 56 3 1
159 56 3 1
210 131 2 0
160 56 3 1
211 131 2 0
161 56 3 1
212 131 2 0
162 56 3 1
213 131 2 0
214 131 2 0
215 131 2 0
216 131 2 0
204 106 2 0
205 106 2 0
206 106 2 0
207 106 2 0
208 106 2 0
209 106 2 0
210 106 2 0
211 106 2 0
194 81 2 0
195 81 2 0
196 81 2 0
197 81 2 0
198 81 2 0
199 81 2 0
200 81 2 0
183 56 2 0
184 56 2 0
20 257 7 0
185 56 2 0
21 257 7 0
186 56 2 0
22 257 7 0
187 56 2 0
23 257 7 0
188 56 2 0
24 257 7 0
189 56 2 0
25 257 7 0
190 56 2 0
26 257 7 0
27 257 7 0
23 232 6 1
24 232 6 1
25 232 6 1
26 232 6 1
27 232 6 1
28 232 6 1
29 232 6 1
30 232 6 1
31 232 6 1
18 157 5 0
19 157 5 0
20 157 5 0
21 157 5 0
22 157 5 0
91 257 6 1
23 157 5 0
92 257 6 1
24 157 5 0
93 257 6 1
25 157 5 0
94 257 6 1
95 257 6 1
96 257 6 1
114 282 7 0
97 257 6 1
115 282 7 0
98 257 6 1
116 282 7 0
99 257 6 1
117 282 7 0
100 257 6 1
118 282 7 0
101 257 6 1
119 282 7 0
102 257 6 1
120 282 7 0
103 257 6 1
121 282 7 0
104 257 6 1
122 282 7 0
105 257 6 1
123 282 7 0
106 257 6 1
124 282 7 0
107 257 6 1
125 282 7 0
108 257 6 1
126 282 7 0
109 257 6 1
127 282 7 0
110 257 6 1
128 282 7 0
111 257 6 1
129 282 7 0
112 257 6 1
130 282 7 0
113 257 6 1
131 282 7 0
114 257 6 1
132 282 7 0
115 257 6 1
30 132 5 0
133 282 7 0
116 257 6 1
31 132 5 0
134 282 7 0
117 257 6 1
32 132 5 0
135 282 7 0
118 257 6 1
33 132 5 0
136 282 7 0
119 257 6 1
34 132 5 0
137 282 7 0
120 257 6 1
35 132 5 0
138 282 7 0
121 257 6 1
36 132 5 0
139 282 7 0
122 257 6 1
140 282 7 0
123 257 6 1
141 282 7 0
124 257 6 1
56 157 4 1
142 282 7 0
125 257 6 1
57 157 4 1
143 282 7 0
126 257 6 1
58 157 4 1
144 282 7 0
127 257 6 1
59 157 4 1
145 282 7 0
128 257 6 1
60 157 4 1
146 282 7 0
129 257 6 1
61 157 4 1
130 257 6 1
62 157 4 1
131 257 6 1
63 157 4 1
132 257 6 1
64 157 4 1
133 257 6 1
134 257 6 1
135 257 6 1
136 257 6 1
137 257 6 1
138 257 6 1
139 257 6 1
140 257 6 1
141 257 6 1
142 257 6 1
143 257 6 1
144 257 6 1
145 257 6 1
146 257 6 1
147 257 6 1
148 257 6 1
149 257 6 1
150 257 6 1
48 107 5 0
151 257 6 1
49 107 5 0
152 257 6 1
50 107 5 0
153 257 6 1
51 107 5 0
154 257 6 1
52 107 5 0
53 107 5 0
54 107 5 0
55 107 5 0
56 107 5 0
57 107 5 0
58 107 5 0
76 132 4 1
77 132 4 1
78 132 4 1
79 132 4 1
80 132 4 1
81 132 4 1
82 132 4 1
83 132 4 1
84 132 4 1
177 257 7 0
178 257 7 0
179 257 7 0
180 257 7 0
181 257 7 0
182 257 7 0
183 257 7 0
184 257 7 0
185 257 7 0
186 257 7 0
187 257 7 0
89 107 4 1
90 107 4 1
91 107 4 1
92 107 4 1
93 107 4 1
94 107 4 1
95 107 4 1
197 207 3 1
198 207 3 1
199 207 3 1
200 207 3 1
201 207 3 1
190 182 3 1
191 182 3 1
192 182 3 1
193 182 3 1
194 182 3 1
195 182 3 1
196 182 3 1
188 157 3 1
189 157 3 1
190 157 3 1
191 157 3 1
192 157 3 1
193 157 3 1
227 207 2 0
194 157 3 1
228 207 2 0
229 207 2 0
230 207 2 0
231 207 2 0
232 207 2 0
233 207 2 0
185 132 3 1
219 182 2 0
186 132 3 1
220 182 2 0
187 132 3 1
221 182 2 0
188 132 3 1
222 182 2 0
189 132 3 1
223 182 2 0
190 132 3 1
224 182 2 0
191 132 3 1
225 182 2 0
226 182 2 0
210 157 2 0
177 107 3 1
211 157 2 0
178 107 3 1
212 157 2 0
179 107 3 1
213 157 2 0
180 107 3 1
214 157 2 0
181 107 3 1
215 157 2 0
182 107 3 1
216 157 2 0
183 107 3 1
217 157 2 0
167 82 3 1
168 82 3 1
169 82 3 1
170 82 3 1
171 82 3 1
172 82 3 1
156 57 3 1
173 82 3 1
157 57 3 1
174 82 3 1
158 57 3 1
159 57 3 1
210 132 2 0
160 57 3 1
211 132 2 0
161 57 3 1
212 132 2 0
162 57 3 1
213 132 2 0
163 57 3 1
214 132 2 0
215 132 2 0
216 132 2 0
204 107 2 0
205 107 2 0
206 107 2 0
207 107 2 0
208 107 2 0
209 107 2 0
210 107 2 0
211 107 2 0
194 82 2 0
195 82 2 0
196 82 2 0
197 82 2 0
198 82 2 0
199 82 2 0
200 82 2 0
183 57 2 0
184 57 2 0
20 258 7 0
185 57 2 0
21 258 7 0
186 57 2 0
22 258 7 0
187 57 2 0
23 258 7 0
188 57 2 0
24 258 7 0
189 57 2 0
25 258 7 0
190 57 2 0
26 258 7 0
27 258 7 0
28 258 7 0
22 233 6 1
23 233 6 1
24 233 6 1
25 233 6 1
26 233 6 1
27 233 6 1
28 233 6 1
29 233 6 1
30 233 6 1
31 233 6 1
32 233 6 1
18 158 5 0
19 158 5 0
20 158 5 0
21 158 5 0
22 158 5 0
23 158 5 0
24 158 5 0
98 258 6 1
116 283 7 0
99 258 6 1
117 283 7 0
100 258 6 1
118 283 7 0
101 258 6 1
119 283 7 0
102 258 6 1
120 283 7 0
103 258 6 1
121 283 7 0
104 258 6 1
122 283 7 0
105 258 6 1
123 283 7 0
106 258 6 1
124 283 7 0
107 258 6 1
125 283 7 0
108 258 6 1
126 283 7 0
109 258 6 1
127 283 7 0
110 258 6 1
128 283 7 0
111 258 6 1
129 283 7 0
112 258 6 1
130 283 7 0
113 258 6 1
131 283 7 0
114 258 6 1
132 283 7 0
115 258 6 1
30 133 5 0
133 283 7 0
116 258 6 1
31 133 5 0
134 283 7 0
117 258 6 1
32 133 5 0
135 283 7 0
118 258 6 1
33 133 5 0
136 283 7 0
119 258 6 1
34 133 5 0
137 283 7 0
120 258 6 1
35 133 5 0
138 283 7 0
121 258 6 1
36 133 5 0
139 283 7 0
122 258 6 1
140 283 7 0
123 258 6 1
141 283 7 0
124 258 6 1
56 158 4 1
142 283 7 0
125 258 6 1
57 158 4 1
143 283 7 0
126 258 6 1
58 158 4 1
144 283 7 0
127 258 6 1
59 158 4 1
128 258 6 1
60 158 4 1
129 258 6 1
61 158 4 1
130 258 6 1
62 158 4 1
131 258 6 1
63 158 4 1
132 258 6 1
133 258 6 1
134 258 6 1
135 258 6 1
136 258 6 1
137 258 6 1
138 258 6 1
139 258 6 1
140 258 6 1
141 258 6 1
142 258 6 1
143 258 6 1
144 258 6 1
145 258 6 1
146 258 6 1
147 258 6 1
148 258 6 1
149 258 6 1
47 108 5 0
48 108 5 0
49 108 5 0
50 108 5 0
51 108 5 0
52 108 5 0
53 108 5 0
54 108 5 0
55 108 5 0
56 108 5 0
57 108 5 0
75 133 4 1
76 133 4 1
77 133 4 1
78 133 4 1
79 133 4 1
80 133 4 1
81 133 4 1
82 133 4 1
176 258 7 0
177 258 7 0
178 258 7 0
179 258 7 0
180 258 7 0
181 258 7 0
182 258 7 0
183 258 7 0
184 258 7 0
185 258 7 0
186 258 7 0
187 258 7 0
88 108 4 1
89 108 4 1
90 108 4 1
91 108 4 1
92 108 4 1
93 108 4 1
94 108 4 1
95 108 4 1
199 208 3 1
190 183 3 1
191 183 3 1
192 183 3 1
193 183 3 1
194 183 3 1
195 183 3 1
196 183 3 1
188 158 3 1
189 158 3 1
190 158 3 1
191 158 3 1
192 158 3 1
193 158 3 1
227 208 2 0
194 158 3 1
228 208 2 0
229 208 2 0
230 208 2 0
231 208 2 0
232 208 2 0
233 208 2 0
185 133 3 1
186 133 3 1
220 183 2 0
187 133 3 1
221 183 2 0
188 133 3 1
222 183 2 0
189 133 3 1
223 183 2 0
190 133 3 1
224 183 2 0
191 133 3 1
225 183 2 0
226 183 2 0
177 108 3 1
211 158 2 0
178 108 3 1
212 158 2 0
179 108 3 1
213 158 2 0
180 108 3 1
214 158 2 0
181 108 3 1
215 158 2 0
182 108 3 1
216 158 2 0
183 108 3 1
217 158 2 0
184 108 3 1
168 83 3 1
169 83 3 1
170 83 3 1
171 83 3 1
172 83 3 1
173 83 3 1
157 58 3 1
174 83 3 1
158 58 3 1
159 58 3 1
210 133 2 0
160 58 3 1
211 133 2 0
161 58 3 1
212 133 2 0
162 58 3 1
213 133 2 0
163 58 3 1
214 133 2 0
215 133 2 0
216 133 2 0
205 108 2 0
206 108 2 0
207 108 2 0
208 108 2 0
209 108 2 0
210 108 2 0
211 108 2 0
194 83 2 0
212 108 2 0
195 83 2 0
196 83 2 0
197 83 2 0
198 83 2 0
199 83 2 0
200 83 2 0
201 83 2 0
184 58 2 0
185 58 2 0
21 259 7 0
186 58 2 0
22 259 7 0
187 58 2 0
23 259 7 0
188 58 2 0
24 259 7 0
189 58 2 0
25 259 7 0
190 58 2 0
26 259 7 0
27 259 7 0
28 259 7 0
29 259 7 0
30 259 7 0
31 259 7 0
32 259 7 0
23 234 6 1
24 234 6 1
25 234 6 1
26 234 6 1
27 234 6 1
28 234 6 1
29 234 6 1
30 234 6 1
31 234 6 1
32 234 6 1
33 234 6 1
34 234 6 1
17 159 5 0
18 159 5 0
19 159 5 0
20 159 5 0
21 159 5 0
22 159 5 0
23 159 5 0
24 159 5 0
100 259 6 1
101 259 6 1
102 259 6 1
103 259 6 1
104 259 6 1
122 284 7 0
105 259 6 1
123 284 7 0
106 259 6 1
124 284 7 0
107 259 6 1
125 284 7 0
108 259 6 1
126 284 7 0
109 259 6 1
127 284 7 0
110 259 6 1
128 284 7 0
111 259 6 1
129 284 7 0
112 259 6 1
130 284 7 0
113 259 6 1
131 284 7 0
114 259 6 1
29 134 5 0
132 284 7 0
115 259 6 1
30 134 5 0
133 284 7 0
116 259 6 1
31 134 5 0
134 284 7 0
117 259 6 1
32 134 5 0
135 284 7 0
118 259 6 1
33 134 5 0
136 284 7 0
119 259 6 1
34 134 5 0
137 284 7 0
120 259 6 1
35 134 5 0
138 284 7 0
121 259 6 1
139 284 7 0
122 259 6 1
140 284 7 0
123 259 6 1
55 159 4 1
141 284 7 0
124 259 6 1
56 159 4 1
142 284 7 0
125 259 6 1
57 159 4 1
126 259 6 1
58 159 4 1
127 259 6 1
59 159 4 1
128 259 6 1
60 159 4 1
129 259 6 1
61 159 4 1
130 259 6 1
62 159 4 1
131 259 6 1
63 159 4 1
132 259 6 1
133 259 6 1
134 259 6 1
135 259 6 1
136 259 6 1
137 259 6 1
138 259 6 1
139 259 6 1
140 259 6 1
141 259 6 1
142 259 6 1
143 259 6 1
46 109 5 0
47 109 5 0
48 109 5 0
49 109 5 0
50 109 5 0
51 109 5 0
52 109 5 0
53 109 5 0
54 109 5 0
55 109 5 0
75 134 4 1
76 134 4 1
77 134 4 1
78 134 4 1
79 134 4 1
80 134 4 1
81 134 4 1
82 134 4 1
175 259 7 0
176 259 7 0
177 259 7 0
178 259 7 0
179 259 7 0
180 259 7 0
181 259 7 0
182 259 7 0
183 259 7 0
184 259 7 0
185 259 7 0
88 109 4 1
89 109 4 1
90 109 4 1
91 109 4 1
92 109 4 1
93 109 4 1
94 109 4 1
190 184 3 1
191 184 3 1
192 184 3 1
193 184 3 1
194 184 3 1
195 184 3 1
196 184 3 1
188 159 3 1
189 159 3 1
190 159 3 1
191 159 3 1
192 159 3 1
193 159 3 1
227 209 2 0
194 159 3 1
228 209 2 0
229 209 2 0
230 209 2 0
231 209 2 0
232 209 2 0
233 209 2 0
186 134 3 1
220 184 2 0
187 134 3 1
221 184 2 0
188 134 3 1
222 184 2 0
189 134 3 1
223 184 2 0
190 134 3 1
224 184 2 0
191 134 3 1
225 184 2 0
192 134 3 1
226 184 2 0
211 159 2 0
178 109 3 1
212 159 2 0
179 109 3 1
213 159 2 0
180 109 3 1
214 159 2 0
181 109 3 1
215 159 2 0
182 109 3 1
216 159 2 0
183 109 3 1
217 159 2 0
184 109 3 1
168 84 3 1
169 84 3 1
170 84 3 1
171 84 3 1
172 84 3 1
173 84 3 1
157 59 3 1
174 84 3 1
158 59 3 1
175 84 3 1
159 59 3 1
210 134 2 0
160 59 3 1
211 134 2 0
161 59 3 1
212 134 2 0
162 59 3 1
213 134 2 0
163 59 3 1
214 134 2 0
215 134 2 0
216 134 2 0
205 109 2 0
206 109 2 0
207 109 2 0
208 109 2 0
209 109 2 0
210 109 2 0
211 109 2 0
212 109 2 0
195 84 2 0
196 84 2 0
197 84 2 0
198 84 2 0
199 84 2 0
200 84 2 0
201 84 2 0
184 59 2 0
185 59 2 0
21 260 7 0
186 59 2 0
22 260 7 0
187 59 2 0
23 260 7 0
188 59 2 0
24 260 7 0
189 59 2 0
25 260 7 0
190 59 2 0
26 260 7 0
191 59 2 0
27 260 7 0
28 260 7 0
11 235 7 0
29 260 7 0
30 260 7 0
31 260 7 0
32 260 7 0
33 260 7 0
34 260 7 0
35 260 7 0
36 260 7 0
23 235 6 1
24 235 6 1
25 235 6 1
26 235 6 1
27 235 6 1
28 235 6 1
29 235 6 1
30 235 6 1
31 235 6 1
32 235 6 1
33 235 6 1
34 235 6 1
35 235 6 1
36 235 6 1
17 160 5 0
18 160 5 0
19 160 5 0
20 160 5 0
21 160 5 0
22 160 5 0
23 160 5 0
24 160 5 0
124 285 7 0
125 285 7 0
126 285 7 0
127 285 7 0
128 285 7 0
129 285 7 0
130 285 7 0
131 285 7 0
29 135 5 0
132 285 7 0
30 135 5 0
133 285 7 0
31 135 5 0
134 285 7 0
32 135 5 0
135 285 7 0
33 135 5 0
136 285 7 0
34 135 5 0
137 285 7 0
35 135 5 0
138 285 7 0
139 285 7 0
140 285 7 0
55 160 4 1
56 160 4 1
57 160 4 1
58 160 4 1
59 160 4 1
60 160 4 1
61 160 4 1
45 110 5 0
46 110 5 0
47 110 5 0
48 110 5 0
49 110 5 0
50 110 5 0
51 110 5 0
52 110 5 0
53 110 5 0
54 110 5 0
55 110 5 0
75 135 4 1
76 135 4 1
77 135 4 1
78 135 4 1
79 135 4 1
80 135 4 1
81 135 4 1
173 260 7 0
174 260 7 0
175 260 7 0
176 260 7 0
177 260 7 0
178 260 7 0
179 260 7 0
180 260 7 0
181 260 7 0
182 260 7 0
183 260 7 0
184 260 7 0
87 110 4 1
88 110 4 1
89 110 4 1
90 110 4 1
91 110 4 1
92 110 4 1
93 110 4 1
94 110 4 1
190 185 3 1
191 185 3 1
192 185 3 1
193 185 3 1
194 185 3 1
195 185 3 1
196 185 3 1
197 185 3 1
188 160 3 1
189 160 3 1
190 160 3 1
191 160 3 1
192 160 3 1
193 160 3 1
227 210 2 0
194 160 3 1
228 210 2 0
229 210 2 0
230 210 2 0
231 210 2 0
232 210 2 0
233 210 2 0
186 135 3 1
187 135 3 1
221 185 2 0
188 135 3 1
222 185 2 0
189 135 3 1
223 185 2 0
190 135 3 1
224 185 2 0
191 135 3 1
225 185 2 0
192 135 3 1
226 185 2 0
227 185 2 0
211 160 2 0
178 110 3 1
212 160 2 0
179 110 3 1
213 160 2 0
180 110 3 1
214 160 2 0
181 110 3 1
215 160 2 0
182 110 3 1
216 160 2 0
183 110 3 1
217 160 2 0
184 110 3 1
169 85 3 1
170 85 3 1
171 85 3 1
172 85 3 1
173 85 3 1
157 60 3 1
174 85 3 1
158 60 3 1
175 85 3 1
159 60 3 1
210 135 2 0
160 60 3 1
211 135 2 0
161 60 3 1
212 135 2 0
162 60 3 1
213 135 2 0
163 60 3 1
214 135 2 0
215 135 2 0
216 135 2 0
206 110 2 0
207 110 2 0
208 110 2 0
209 110 2 0
210 110 2 0
211 110 2 0
212 110 2 0
195 85 2 0
196 85 2 0
197 85 2 0
198 85 2 0
199 85 2 0
200 85 2 0
201 85 2 0
184 60 2 0
202 85 2 0
185 60 2 0
186 60 2 0
187 60 2 0
23 261 7 0
188 60 2 0
24 261 7 0
189 60 2 0
25 261 7 0
190 60 2 0
26 261 7 0
9 236 7 0
191 60 2 0
27 261 7 0
10 236 7 0
28 261 7 0
11 236 7 0
29 261 7 0
12 236 7 0
30 261 7 0
13 236 7 0
31 261 7 0
32 261 7 0
33 261 7 0
34 261 7 0
35 261 7 0
36 261 7 0
37 261 7 0
38 261 7 0
39 261 7 0
40 261 7 0
41 261 7 0
42 261 7 0
25 236 6 1
43 261 7 0
26 236 6 1
44 261 7 0
27 236 6 1
45 261 7 0
28 236 6 1
29 236 6 1
30 236 6 1
31 236 6 1
32 236 6 1
33 236 6 1
34 236 6 1
35 236 6 1
36 236 6 1
37 236 6 1
38 236 6 1
16 161 5 0
17 161 5 0
18 161 5 0
19 161 5 0
20 161 5 0
21 161 5 0
22 161 5 0
23 161 5 0
24 161 5 0
126 286 7 0
127 286 7 0
128 286 7 0
129 286 7 0
130 286 7 0
28 136 5 0
131 286 7 0
29 136 5 0
132 286 7 0
30 136 5 0
133 286 7 0
31 136 5 0
134 286 7 0
32 136 5 0
135 286 7 0
33 136 5 0
136 286 7 0
34 136 5 0
55 161 4 1
56 161 4 1
57 161 4 1
58 161 4 1
59 161 4 1
60 161 4 1
61 161 4 1
43 111 5 0
44 111 5 0
45 111 5 0
46 111 5 0
47 111 5 0
48 111 5 0
49 111 5 0
50 111 5 0
51 111 5 0
52 111 5 0
53 111 5 0
74 136 4 1
75 136 4 1
76 136 4 1
77 136 4 1
78 136 4 1
79 136 4 1
80 136 4 1
81 136 4 1
172 261 7 0
173 261 7 0
174 261 7 0
175 261 7 0
176 261 7 0
177 261 7 0
178 261 7 0
179 261 7 0
180 261 7 0
181 261 7 0
182 261 7 0
87 111 4 1
88 111 4 1
89 111 4 1
90 111 4 1
91 111 4 1
92 111 4 1
93 111 4 1
191 186 3 1
192 186 3 1
193 186 3 1
194 186 3 1
195 186 3 1
196 186 3 1
197 186 3 1
187 161 3 1
188 161 3 1
189 161 3 1
190 161 3 1
191 161 3 1
192 161 3 1
193 161 3 1
227 211 2 0
194 161 3 1
228 211 2 0
229 211 2 0
230 211 2 0
231 211 2 0
232 211 2 0
233 211 2 0
186 136 3 1
187 136 3 1
221 186 2 0
188 136 3 1
222 186 2 0
189 136 3 1
223 186 2 0
190 136 3 1
224 186 2 0
191 136 3 1
225 186 2 0
192 136 3 1
226 186 2 0
227 186 2 0
211 161 2 0
178 111 3 1
212 161 2 0
179 111 3 1
213 161 2 0
180 111 3 1
214 161 2 0
181 111 3 1
215 161 2 0
182 111 3 1
216 161 2 0
183 111 3 1
217 161 2 0
184 111 3 1
185 111 3 1
169 86 3 1
170 86 3 1
171 86 3 1
172 86 3 1
173 86 3 1
157 61 3 1
174 86 3 1
158 61 3 1
175 86 3 1
159 61 3 1
176 86 3 1
210 136 2 0
160 61 3 1
211 136 2 0
161 61 3 1
212 136 2 0
162 61 3 1
213 136 2 0
163 61 3 1
214 136 2 0
215 136 2 0
216 136 2 0
206 111 2 0
207 111 2 0
208 111 2 0
209 111 2 0
210 111 2 0
211 111 2 0
212 111 2 0
196 86 2 0
197 86 2 0
198 86 2 0
199 86 2 0
200 86 2 0
201 86 2 0
202 86 2 0
185 61 2 0
186 61 2 0
187 61 2 0
23 262 7 0
188 61 2 0
24 262 7 0
189 61 2 0
25 262 7 0
190 61 2 0
26 262 7 0
9 237 7 0
191 61 2 0
27 262 7 0
10 237 7 0
192 61 2 0
28 262 7 0
11 237 7 0
29 262 7 0
12 237 7 0
30 262 7 0
13 237 7 0
31 262 7 0
32 262 7 0
33 262 7 0
34 262 7 0
35 262 7 0
36 262 7 0
37 262 7 0
38 262 7 0
39 262 7 0
40 262 7 0
41 262 7 0
42 262 7 0
43 262 7 0
44 262 7 0
27 237 6 1
45 262 7 0
28 237 6 1
46 262 7 0
29 237 6 1
47 262 7 0
30 237 6 1
31 237 6 1
32 237 6 1
33 237 6 1
34 237 6 1
35 237 6 1
36 237 6 1
37 237 6 1
38 237 6 1
39 237 6 1
16 162 5 0
17 162 5 0
18 162 5 0
19 162 5 0
20 162 5 0
21 162 5 0
22 162 5 0
23 162 5 0
128 287 7 0
129 287 7 0
28 137 5 0
130 287 7 0
131 287 7 0
29 137 5 0
132 287 7 0
30 137 5 0
133 287 7 0
31 137 5 0
134 287 7 0
32 137 5 0
33 137 5 0
34 137 5 0
54 162 4 1
55 162 4 1
56 162 4 1
57 162 4 1
58 162 4 1
59 162 4 1
60 162 4 1
61 162 4 1
42 112 5 0
43 112 5 0
44 112 5 0
45 112 5 0
46 112 5 0
47 112 5 0
48 112 5 0
49 112 5 0
50 112 5 0
51 112 5 0
52 112 5 0
74 137 4 1
75 137 4 1
76 137 4 1
77 137 4 1
78 137 4 1
79 137 4 1
80 137 4 1
171 262 7 0
172 262 7 0
173 262 7 0
174 262 7 0
175 262 7 0
176 262 7 0
177 262 7 0
178 262 7 0
179 262 7 0
180 262 7 0
181 262 7 0
87 112 4 1
88 112 4 1
89 112 4 1
90 112 4 1
91 112 4 1
92 112 4 1
93 112 4 1
191 187 3 1
192 187 3 1
193 187 3 1
194 187 3 1
195 187 3 1
196 187 3 1
197 187 3 1
198 187 3 1
187 162 3 1
188 162 3 1
189 162 3 1
190 162 3 1
191 162 3 1
192 162 3 1
193 162 3 1
227 212 2 0
194 162 3 1
228 212 2 0
229 212 2 0
230 212 2 0
231 212 2 0
232 212 2 0
233 212 2 0
186 137 3 1
187 137 3 1
188 137 3 1
222 187 2 0
189 137 3 1
223 187 2 0
190 137 3 1
224 187 2 0
191 137 3 1
225 187 2 0
192 137 3 1
226 187 2 0
227 187 2 0
228 187 2 0
211 162 2 0
178 112 3 1
212 162 2 0
179 112 3 1
213 162 2 0
180 112 3 1
214 162 2 0
181 112 3 1
215 162 2 0
182 112 3 1
216 162 2 0
183 112 3 1
217 162 2 0
184 112 3 1
218 162 2 0
185 112 3 1
170 87 3 1
171 87 3 1
172 87 3 1
173 87 3 1
157 62 3 1
174 87 3 1
158 62 3 1
175 87 3 1
159 62 3 1
176 87 3 1
210 137 2 0
160 62 3 1
177 87 3 1
211 137 2 0
161 62 3 1
212 137 2 0
162 62 3 1
213 137 2 0
163 62 3 1
214 137 2 0
164 62 3 1
215 137 2 0
216 137 2 0
206 112 2 0
207 112 2 0
208 112 2 0
209 112 2 0
210 112 2 0
211 112 2 0
212 112 2 0
196 87 2 0
197 87 2 0
198 87 2 0
199 87 2 0
200 87 2 0
201 87 2 0
202 87 2 0
185 62 2 0
203 87 2 0
186 62 2 0
187 62 2 0
188 62 2 0
24 263 7 0
189 62 2 0
25 263 7 0
8 238 7 0
190 62 2 0
26 263 7 0
9 238 7 0
191 62 2 0
27 263 7 0
10 238 7 0
192 62 2 0
28 263 7 0
11 238 7 0
29 263 7 0
12 238 7 0
30 263 7 0
13 238 7 0
31 263 7 0
14 238 7 0
32 263 7 0
15 238 7 0
33 263 7 0
34 263 7 0
35 263 7 0
36 263 7 0
37 263 7 0
38 263 7 0
39 263 7 0
40 263 7 0
41 263 7 0
42 263 7 0
43 263 7 0
44 263 7 0
45 263 7 0
46 263 7 0
29 238 6 1
47 263 7 0
30 238 6 1
48 263 7 0
31 238 6 1
49 263 7 0
32 238 6 1
33 238 6 1
34 238 6 1
35 238 6 1
36 238 6 1
37 238 6 1
38 238 6 1
39 238 6 1
40 238 6 1
41 238 6 1
16 163 5 0
17 163 5 0
18 163 5 0
19 163 5 0
20 163 5 0
21 163 5 0
22 163 5 0
23 163 5 0
28 138 5 0
29 138 5 0
30 138 5 0
31 138 5 0
32 138 5 0
33 138 5 0
34 138 5 0
54 163 4 1
55 163 4 1
56 163 4 1
57 163 4 1
58 163 4 1
59 163 4 1
60 163 4 1
42 113 5 0
43 113 5 0
44 113 5 0
45 113 5 0
46 113 5 0
47 113 5 0
48 113 5 0
49 113 5 0
50 113 5 0
51 113 5 0
73 138 4 1
74 138 4 1
75 138 4 1
76 138 4 1
77 138 4 1
78 138 4 1
79 138 4 1
80 138 4 1
170 263 7 0
171 263 7 0
172 263 7 0
173 263 7 0
174 263 7 0
175 263 7 0
176 263 7 0
177 263 7 0
178 263 7 0
179 263 7 0
180 263 7 0
87 113 4 1
88 113 4 1
89 113 4 1
90 113 4 1
91 113 4 1
92 113 4 1
93 113 4 1
192 188 3 1
193 188 3 1
194 188 3 1
195 188 3 1
196 188 3 1
197 188 3 1
198 188 3 1
186 163 3 1
187 163 3 1
188 163 3 1
189 163 3 1
190 163 3 1
191 163 3 1
192 163 3 1
193 163 3 1
227 213 2 0
228 213 2 0
229 213 2 0
230 213 2 0
231 213 2 0
232 213 2 0
233 213 2 0
186 138 3 1
187 138 3 1
188 138 3 1
222 188 2 0
189 138 3 1
223 188 2 0
190 138 3 1
224 188 2 0
191 138 3 1
225 188 2 0
192 138 3 1
226 188 2 0
227 188 2 0
228 188 2 0
212 163 2 0
179 113 3 1
213 163 2 0
180 113 3 1
214 163 2 0
181 113 3 1
215 163 2 0
182 113 3 1
216 163 2 0
183 113 3 1
217 163 2 0
184 113 3 1
218 163 2 0
185 113 3 1
186 113 3 1
170 88 3 1
171 88 3 1
172 88 3 1
173 88 3 1
174 88 3 1
158 63 3 1
175 88 3 1
159 63 3 1
176 88 3 1
210 138 2 0
160 63 3 1
177 88 3 1
211 138 2 0
161 63 3 1
212 138 2 0
162 63 3 1
213 138 2 0
163 63 3 1
214 138 2 0
164 63 3 1
215 138 2 0
216 138 2 0
207 113 2 0
208 113 2 0
209 113 2 0
210 113 2 0
211 113 2 0
212 113 2 0
213 113 2 0
197 88 2 0
198 88 2 0
199 88 2 0
200 88 2 0
201 88 2 0
202 88 2 0
203 88 2 0
186 63 2 0
187 63 2 0
188 63 2 0
189 63 2 0
25 264 7 0
8 239 7 0
190 63 2 0
26 264 7 0
9 239 7 0
191 63 2 0
27 264 7 0
10 239 7 0
192 63 2 0
28 264 7 0
11 239 7 0
193 63 2 0
29 264 7 0
12 239 7 0
30 264 7 0
13 239 7 0
31 264 7 0
14 239 7 0
32 264 7 0
15 239 7 0
33 264 7 0
34 264 7 0
35 264 7 0
36 264 7 0
37 264 7 0
38 264 7 0
39 264 7 0
40 264 7 0
41 264 7 0
42 264 7 0
43 264 7 0
44 264 7 0
45 264 7 0
46 264 7 0
47 264 7 0
48 264 7 0
31 239 6 1
49 264 7 0
32 239 6 1
50 264 7 0
33 239 6 1
51 264 7 0
34 239 6 1
35 239 6 1
36 239 6 1
37 239 6 1
38 239 6 1
39 239 6 1
40 239 6 1
41 239 6 1
42 239 6 1
43 239 6 1
44 239 6 1
45 239 6 1
16 164 5 0
17 164 5 0
18 164 5 0
19 164 5 0
20 164 5 0
21 164 5 0
22 164 5 0
27 139 5 0
28 139 5 0
29 139 5 0
30 139 5 0
31 139 5 0
32 139 5 0
33 139 5 0
34 139 5 0
54 164 4 1
55 164 4 1
56 164 4 1
57 164 4 1
58 164 4 1
59 164 4 1
60 164 4 1
41 114 5 0
42 114 5 0
43 114 5 0
44 114 5 0
45 114 5 0
46 114 5 0
47 114 5 0
48 114 5 0
49 114 5 0
50 114 5 0
73 139 4 1
74 139 4 1
75 139 4 1
76 139 4 1
77 139 4 1
78 139 4 1
79 139 4 1
169 264 7 0
170 264 7 0
171 264 7 0
172 264 7 0
173 264 7 0
174 264 7 0
175 264 7 0
176 264 7 0
177 264 7 0
178 264 7 0
179 264 7 0
87 114 4 1
88 114 4 1
89 114 4 1
90 114 4 1
91 114 4 1
92 114 4 1
93 114 4 1
192 189 3 1
193 189 3 1
194 189 3 1
195 189 3 1
196 189 3 1
197 189 3 1
198 189 3 1
186 164 3 1
187 164 3 1
188 164 3 1
189 164 3 1
190 164 3 1
191 164 3 1
192 164 3 1
193 164 3 1
227 214 2 0
228 214 2 0
229 214 2 0
230 214 2 0
231 214 2 0
232 214 2 0
233 214 2 0
234 214 2 0
186 139 3 1
187 139 3 1
188 139 3 1
222 189 2 0
189 139 3 1
223 189 2 0
190 139 3 1
224 189 2 0
191 139 3 1
225 189 2 0
192 139 3 1
226 189 2 0
227 189 2 0
228 189 2 0
229 189 2 0
212 164 2 0
179 114 3 1
213 164 2 0
180 114 3 1
214 164 2 0
181 114 3 1
215 164 2 0
182 114 3 1
216 164 2 0
183 114 3 1
217 164 2 0
184 114 3 1
218 164 2 0
185 114 3 1
186 114 3 1
187 114 3 1
171 89 3 1
172 89 3 1
173 89 3 1
174 89 3 1
158 64 3 1
175 89 3 1
159 64 3 1
176 89 3 1
210 139 2 0
160 64 3 1
177 89 3 1
211 139 2 0
161 64 3 1
178 89 3 1
212 139 2 0
162 64 3 1
213 139 2 0
163 64 3 1
214 139 2 0
164 64 3 1
215 139 2 0
165 64 3 1
216 139 2 0
207 114 2 0
208 114 2 0
209 114 2 0
210 114 2 0
211 114 2 0
212 114 2 0
213 114 2 0
198 89 2 0
199 89 2 0
200 89 2 0
201 89 2 0
202 89 2 0
203 89 2 0
186 64 2 0
204 89 2 0
187 64 2 0
188 64 2 0
189 64 2 0
8 240 7 0
190 64 2 0
9 240 7 0
191 64 2 0
27 265 7 0
10 240 7 0
192 64 2 0
28 265 7 0
11 240 7 0
193 64 2 0
29 265 7 0
12 240 7 0
30 265 7 0
13 240 7 0
31 265 7 0
14 240 7 0
32 265 7 0
15 240 7 0
33 265 7 0
16 240 7 0
34 265 7 0
17 240 7 0
35 265 7 0
36 265 7 0
37 265 7 0
38 265 7 0
39 265 7 0
40 265 7 0
41 265 7 0
42 265 7 0
43 265 7 0
44 265 7 0
45 265 7 0
46 265 7 0
47 265 7 0
48 265 7 0
31 240 6 1
49 265 7 0
32 240 6 1
50 265 7 0
33 240 6 1
51 265 7 0
34 240 6 1
52 265 7 0
35 240 6 1
36 240 6 1
37 240 6 1
38 240 6 1
39 240 6 1
40 240 6 1
41 240 6 1
42 240 6 1
43 240 6 1
44 240 6 1
45 240 6 1
46 240 6 1
47 240 6 1
16 165 5 0
17 165 5 0
18 165 5 0
19 165 5 0
20 165 5 0
21 165 5 0
22 165 5 0
27 140 5 0
28 140 5 0
29 140 5 0
30 140 5 0
31 140 5 0
32 140 5 0
33 140 5 0
34 140 5 0
54 165 4 1
55 165 4 1
56 165 4 1
57 165 4 1
58 165 4 1
59 165 4 1
60 165 4 1
41 115 5 0
42 115 5 0
43 115 5 0
44 115 5 0
45 115 5 0
46 115 5 0
47 115 5 0
48 115 5 0
49 115 5 0
72 140 4 1
73 140 4 1
74 140 4 1
75 140 4 1
76 140 4 1
77 140 4 1
78 140 4 1
79 140 4 1
167 265 7 0
168 265 7 0
169 265 7 0
170 265 7 0
171 265 7 0
172 265 7 0
173 265 7 0
174 265 7 0
175 265 7 0
176 265 7 0
177 265 7 0
86 115 4 1
87 115 4 1
88 115 4 1
89 115 4 1
90 115 4 1
91 115 4 1
92 115 4 1
93 115 4 1
192 190 3 1
193 190 3 1
194 190 3 1
195 190 3 1
196 190 3 1
197 190 3 1
198 190 3 1
186 165 3 1
187 165 3 1
188 165 3 1
189 165 3 1
190 165 3 1
191 165 3 1
192 165 3 1
228 215 2 0
229 215 2 0
230 215 2 0
231 215 2 0
232 215 2 0
233 215 2 0
234 215 2 0
186 140 3 1
187 140 3 1
188 140 3 1
189 140 3 1
223 190 2 0
190 140 3 1
224 190 2 0
191 140 3 1
225 190 2 0
192 140 3 1
226 190 2 0
227 190 2 0
228 190 2 0
229 190 2 0
212 165 2 0
213 165 2 0
180 115 3 1
214 165 2 0
181 115 3 1
215 165 2 0
182 115 3 1
216 165 2 0
183 115 3 1
217 165 2 0
184 115 3 1
218 165 2 0
185 115 3 1
186 115 3 1
187 115 3 1
171 90 3 1
172 90 3 1
173 90 3 1
174 90 3 1
175 90 3 1
159 65 3 1
176 90 3 1
210 140 2 0
160 65 3 1
177 90 3 1
211 140 2 0
161 65 3 1
178 90 3 1
212 140 2 0
162 65 3 1
213 140 2 0
163 65 3 1
214 140 2 0
164 65 3 1
215 140 2 0
165 65 3 1
216 140 2 0
207 115 2 0
208 115 2 0
209 115 2 0
210 115 2 0
211 115 2 0
212 115 2 0
213 115 2 0
214 115 2 0
198 90 2 0
199 90 2 0
200 90 2 0
201 90 2 0
202 90 2 0
203 90 2 0
186 65 2 0
204 90 2 0
187 65 2 0
188 65 2 0
189 65 2 0
190 65 2 0
9 241 7 0
191 65 2 0
10 241 7 0
192 65 2 0
11 241 7 0
193 65 2 0
12 241 7 0
194 65 2 0
13 241 7 0
14 241 7 0
15 241 7 0
33 266 7 0
16 241 7 0
34 266 7 0
17 241 7 0
35 266 7 0
36 266 7 0
37 266 7 0
38 266 7 0
39 266 7 0
40 266 7 0
41 266 7 0
42 266 7 0
43 266 7 0
44 266 7 0
45 266 7 0
46 266 7 0
47 266 7 0
48 266 7 0
49 266 7 0
50 266 7 0
33 241 6 1
51 266 7 0
34 241 6 1
52 266 7 0
35 241 6 1
53 266 7 0
36 241 6 1
54 266 7 0
37 241 6 1
38 241 6 1
39 241 6 1
40 241 6 1
41 241 6 1
42 241 6 1
43 241 6 1
44 241 6 1
45 241 6 1
46 241 6 1
47 241 6 1
48 241 6 1
49 241 6 1
50 241 6 1
51 241 6 1
52 241 6 1
53 241 6 1
54 241 6 1
55 241 6 1
56 241 6 1
15 166 5 0
16 166 5 0
17 166 5 0
18 166 5 0
19 166 5 0
20 166 5 0
21 166 5 0
22 166 5 0
26 141 5 0
27 141 5 0
28 141 5 0
29 141 5 0
30 141 5 0
31 141 5 0
32 141 5 0
33 141 5 0
54 166 4 1
55 166 4 1
56 166 4 1
57 166 4 1
58 166 4 1
59 166 4 1
60 166 4 1
39 116 5 0
40 116 5 0
41 116 5 0
42 116 5 0
43 116 5 0
44 116 5 0
45 116 5 0
46 116 5 0
47 116 5 0
71 141 4 1
72 141 4 1
73 141 4 1
74 141 4 1
75 141 4 1
76 141 4 1
77 141 4 1
78 141 4 1
165 266 7 0
166 266 7 0
167 266 7 0
168 266 7 0
169 266 7 0
170 266 7 0
171 266 7 0
172 266 7 0
173 266 7 0
174 266 7 0
175 266 7 0
86 116 4 1
87 116 4 1
88 116 4 1
89 116 4 1
90 116 4 1
91 116 4 1
92 116 4 1
192 191 3 1
193 191 3 1
194 191 3 1
195 191 3 1
196 191 3 1
197 191 3 1
198 191 3 1
186 166 3 1
187 166 3 1
188 166 3 1
189 166 3 1
190 166 3 1
191 166 3 1
192 166 3 1
228 216 2 0
229 216 2 0
230 216 2 0
231 216 2 0
232 216 2 0
233 216 2 0
234 216 2 0
186 141 3 1
187 141 3 1
188 141 3 1
189 141 3 1
223 191 2 0
190 141 3 1
224 191 2 0
191 141 3 1
225 191 2 0
192 141 3 1
226 191 2 0
227 191 2 0
228 191 2 0
229 191 2 0
212 166 2 0
213 166 2 0
214 166 2 0
181 116 3 1
215 166 2 0
182 116 3 1
216 166 2 0
183 116 3 1
217 166 2 0
184 116 3 1
218 166 2 0
185 116 3 1
186 116 3 1
187 116 3 1
188 116 3 1
172 91 3 1
173 91 3 1
174 91 3 1
175 91 3 1
159 66 3 1
176 91 3 1
210 141 2 0
160 66 3 1
177 91 3 1
211 141 2 0
161 66 3 1
178 91 3 1
212 141 2 0
162 66 3 1
213 141 2 0
163 66 3 1
214 141 2 0
164 66 3 1
215 141 2 0
165 66 3 1
216 141 2 0
166 66 3 1
208 116 2 0
209 116 2 0
210 116 2 0
211 116 2 0
212 116 2 0
213 116 2 0
214 116 2 0
198 91 2 0
199 91 2 0
200 91 2 0
201 91 2 0
202 91 2 0
203 91 2 0
204 91 2 0
187 66 2 0
188 66 2 0
189 66 2 0
190 66 2 0
9 242 7 0
191 66 2 0
10 242 7 0
192 66 2 0
11 242 7 0
193 66 2 0
12 242 7 0
194 66 2 0
13 242 7 0
14 242 7 0
15 242 7 0
16 242 7 0
17 242 7 0
18 242 7 0
19 242 7 0
37 267 7 0
38 267 7 0
39 267 7 0
40 267 7 0
41 267 7 0
42 267 7 0
43 267 7 0
44 267 7 0
45 267 7 0
46 267 7 0
47 267 7 0
48 267 7 0
49 267 7 0
50 267 7 0
51 267 7 0
52 267 7 0
35 242 6 1
53 267 7 0
36 242 6 1
54 267 7 0
37 242 6 1
55 267 7 0
38 242 6 1
56 267 7 0
39 242 6 1
57 267 7 0
40 242 6 1
58 267 7 0
41 242 6 1
59 267 7 0
42 242 6 1
60 267 7 0
43 242 6 1
61 267 7 0
44 242 6 1
62 267 7 0
45 242 6 1
63 267 7 0
46 242 6 1
64 267 7 0
47 242 6 1
65 267 7 0
48 242 6 1
66 267 7 0
49 242 6 1
67 267 7 0
50 242 6 1
68 267 7 0
51 242 6 1
69 267 7 0
52 242 6 1
53 242 6 1
54 242 6 1
55 242 6 1
56 242 6 1
57 242 6 1
58 242 6 1
59 242 6 1
15 167 5 0
16 167 5 0
17 167 5 0
18 167 5 0
19 167 5 0
20 167 5 0
21 167 5 0
25 142 5 0
26 142 5 0
27 142 5 0
28 142 5 0
29 142 5 0
30 142 5 0
31 142 5 0
32 142 5 0
33 142 5 0
53 167 4 1
54 167 4 1
55 167 4 1
56 167 4 1
57 167 4 1
58 167 4 1
59 167 4 1
60 167 4 1
39 117 5 0
40 117 5 0
41 117 5 0
42 117 5 0
43 117 5 0
44 117 5 0
45 117 5 0
46 117 5 0
69 142 4 1
70 142 4 1
71 142 4 1
72 142 4 1
73 142 4 1
74 142 4 1
75 142 4 1
76 142 4 1
77 142 4 1
78 142 4 1
164 267 7 0
165 267 7 0
166 267 7 0
167 267 7 0
168 267 7 0
169 267 7 0
170 267 7 0
171 267 7 0
172 267 7 0
173 267 7 0
174 267 7 0
175 267 7 0
85 117 4 1
86 117 4 1
87 117 4 1
88 117 4 1
71 92 5 0
89 117 4 1
72 92 5 0
90 117 4 1
91 117 4 1
92 117 4 1
193 242 7 0
194 242 7 0
192 192 3 1
193 192 3 1
194 192 3 1
195 192 3 1
196 192 3 1
197 192 3 1
198 192 3 1
186 167 3 1
187 167 3 1
188 167 3 1
189 167 3 1
190 167 3 1
191 167 3 1
192 167 3 1
228 217 2 0
229 217 2 0
230 217 2 0
231 217 2 0
232 217 2 0
233 217 2 0
234 217 2 0
235 217 2 0
186 142 3 1
187 142 3 1
188 142 3 1
189 142 3 1
190 142 3 1
224 192 2 0
191 142 3 1
225 192 2 0
192 142 3 1
226 192 2 0
227 192 2 0
228 192 2 0
229 192 2 0
212 167 2 0
230 192 2 0
213 167 2 0
214 167 2 0
215 167 2 0
182 117 3 1
216 167 2 0
183 117 3 1
217 167 2 0
184 117 3 1
218 167 2 0
185 117 3 1
186 117 3 1
187 117 3 1
188 117 3 1
172 92 3 1
173 92 3 1
174 92 3 1
175 92 3 1
176 92 3 1
210 142 2 0
160 67 3 1
177 92 3 1
211 142 2 0
161 67 3 1
178 92 3 1
212 142 2 0
162 67 3 1
213 142 2 0
163 67 3 1
214 142 2 0
164 67 3 1
215 142 2 0
165 67 3 1
216 142 2 0
166 67 3 1
208 117 2 0
209 117 2 0
210 117 2 0
211 117 2 0
212 117 2 0
213 117 2 0
214 117 2 0
198 92 2 0
199 92 2 0
200 92 2 0
201 92 2 0
202 92 2 0
203 92 2 0
204 92 2 0
187 67 2 0
205 92 2 0
188 67 2 0
189 67 2 0
190 67 2 0
191 67 2 0
192 67 2 0
11 243 7 0
193 67 2 0
12 243 7 0
194 67 2 0
13 243 7 0
195 67 2 0
14 243 7 0
15 243 7 0
16 243 7 0
17 243 7 0
18 243 7 0
19 243 7 0
20 243 7 0
44 268 7 0
45 268 7 0
46 268 7 0
47 268 7 0
48 268 7 0
49 268 7 0
50 268 7 0
51 268 7 0
52 268 7 0
53 268 7 0
54 268 7 0
37 243 6 1
55 268 7 0
38 243 6 1
56 268 7 0
39 243 6 1
57 268 7 0
40 243 6 1
58 268 7 0
41 243 6 1
59 268 7 0
42 243 6 1
60 268 7 0
43 243 6 1
61 268 7 0
44 243 6 1
62 268 7 0
45 243 6 1
63 268 7 0
46 243 6 1
64 268 7 0
47 243 6 1
65 268 7 0
48 243 6 1
66 268 7 0
49 243 6 1
67 268 7 0
50 243 6 1
68 268 7 0
51 243 6 1
69 268 7 0
52 243 6 1
70 268 7 0
53 243 6 1
71 268 7 0
54 243 6 1
72 268 7 0
55 243 6 1
73 268 7 0
56 243 6 1
57 243 6 1
58 243 6 1
59 243 6 1
60 243 6 1
61 243 6 1
62 243 6 1
63 243 6 1
64 243 6 1
65 243 6 1
14 168 5 0
66 243 6 1
15 168 5 0
16 168 5 0
17 168 5 0
18 168 5 0
19 168 5 0
20 168 5 0
21 168 5 0
25 143 5 0
26 143 5 0
27 143 5 0
28 143 5 0
29 143 5 0
30 143 5 0
31 143 5 0
32 143 5 0
53 168 4 1
54 168 4 1
55 168 4 1
56 168 4 1
57 168 4 1
58 168 4 1
59 168 4 1
38 118 5 0
39 118 5 0
40 118 5 0
41 118 5 0
42 118 5 0
43 118 5 0
44 118 5 0
45 118 5 0
46 118 5 0
69 143 4 1
70 143 4 1
71 143 4 1
72 143 4 1
73 143 4 1
74 143 4 1
75 143 4 1
76 143 4 1
77 143 4 1
163 268 7 0
164 268 7 0
165 268 7 0
166 268 7 0
167 268 7 0
168 268 7 0
169 268 7 0
170 268 7 0
171 268 7 0
172 268 7 0
173 268 7 0
174 268 7 0
85 118 4 1
86 118 4 1
69 93 5 0
87 118 4 1
70 93 5 0
88 118 4 1
71 93 5 0
89 118 4 1
72 93 5 0
90 118 4 1
73 93 5 0
91 118 4 1
74 93 5 0
191 243 7 0
192 243 7 0
193 243 7 0
194 243 7 0
195 243 7 0
196 243 7 0
192 193 3 1
193 193 3 1
194 193 3 1
195 193 3 1
196 193 3 1
197 193 3 1
198 193 3 1
199 193 3 1
186 168 3 1
187 168 3 1
188 168 3 1
189 168 3 1
190 168 3 1
191 168 3 1
192 168 3 1
229 218 2 0
230 218 2 0
231 218 2 0
232 218 2 0
233 218 2 0
234 218 2 0
235 218 2 0
186 143 3 1
187 143 3 1
188 143 3 1
189 143 3 1
190 143 3 1
224 193 2 0
191 143 3 1
225 193 2 0
192 143 3 1
226 193 2 0
227 193 2 0
228 193 2 0
229 193 2 0
212 168 2 0
230 193 2 0
213 168 2 0
214 168 2 0
215 168 2 0
182 118 3 1
216 168 2 0
183 118 3 1
217 168 2 0
184 118 3 1
218 168 2 0
185 118 3 1
186 118 3 1
187 118 3 1
188 118 3 1
172 93 3 1
173 93 3 1
174 93 3 1
175 93 3 1
176 93 3 1
210 143 2 0
160 68 3 1
177 93 3 1
211 143 2 0
161 68 3 1
178 93 3 1
212 143 2 0
162 68 3 1
179 93 3 1
213 143 2 0
163 68 3 1
214 143 2 0
164 68 3 1
215 143 2 0
165 68 3 1
216 143 2 0
166 68 3 1
208 118 2 0
209 118 2 0
210 118 2 0
211 118 2 0
212 118 2 0
213 118 2 0
214 118 2 0
199 93 2 0
200 93 2 0
201 93 2 0
202 93 2 0
203 93 2 0
204 93 2 0
205 93 2 0
189 68 2 0
190 68 2 0
191 68 2 0
192 68 2 0
193 68 2 0
12 244 7 0
194 68 2 0
13 244 7 0
195 68 2 0
14 244 7 0
15 244 7 0
16 244 7 0
17 244 7 0
18 244 7 0
19 244 7 0
20 244 7 0
46 269 7 0
47 269 7 0
48 269 7 0
49 269 7 0
50 269 7 0
51 269 7 0
52 269 7 0
53 269 7 0
54 269 7 0
55 269 7 0
56 269 7 0
39 244 6 1
57 269 7 0
40 244 6 1
58 269 7 0
41 244 6 1
59 269 7 0
42 244 6 1
60 269 7 0
43 244 6 1
61 269 7 0
44 244 6 1
62 269 7 0
45 244 6 1
63 269 7 0
46 244 6 1
64 269 7 0
47 244 6 1
65 269 7 0
48 244 6 1
66 269 7 0
49 244 6 1
67 269 7 0
50 244 6 1
68 269 7 0
51 244 6 1
69 269 7 0
52 244 6 1
70 269 7 0
53 244 6 1
71 269 7 0
54 244 6 1
72 269 7 0
55 244 6 1
73 269 7 0
56 244 6 1
74 269 7 0
57 244 6 1
75 269 7 0
58 244 6 1
76 269 7 0
59 244 6 1
77 269 7 0
60 244 6 1
78 269 7 0
61 244 6 1
79 269 7 0
62 244 6 1
80 269 7 0
63 244 6 1
81 269 7 0
64 244 6 1
13 169 5 0
82 269 7 0
65 244 6 1
14 169 5 0
83 269 7 0
66 244 6 1
15 169 5 0
84 269 7 0
67 244 6 1
16 169 5 0
85 269 7 0
68 244 6 1
17 169 5 0
86 269 7 0
18 169 5 0
87 269 7 0
19 169 5 0
88 269 7 0
20 169 5 0
89 269 7 0
90 269 7 0
91 269 7 0
92 269 7 0
93 269 7 0
94 269 7 0
24 144 5 0
25 144 5 0
26 144 5 0
27 144 5 0
28 144 5 0
29 144 5 0
30 144 5 0
31 144 5 0
53 169 4 1
54 169 4 1
55 169 4 1
56 169 4 1
57 169 4 1
58 169 4 1
59 169 4 1
38 119 5 0
39 119 5 0
40 119 5 0
41 119 5 0
42 119 5 0
43 119 5 0
44 119 5 0
45 119 5 0
67 144 4 1
68 144 4 1
69 144 4 1
70 144 4 1
71 144 4 1
72 144 4 1
73 144 4 1
74 144 4 1
75 144 4 1
161 269 7 0
76 144 4 1
162 269 7 0
77 144 4 1
163 269 7 0
164 269 7 0
165 269 7 0
166 269 7 0
167 269 7 0
168 269 7 0
169 269 7 0
170 269 7 0
171 269 7 0
172 269 7 0
67 94 5 0
85 119 4 1
68 94 5 0
86 119 4 1
69 94 5 0
87 119 4 1
70 94 5 0
88 119 4 1
71 94 5 0
89 119 4 1
72 94 5 0
90 119 4 1
73 94 5 0
91 119 4 1
74 94 5 0
190 244 7 0
191 244 7 0
192 244 7 0
193 244 7 0
194 244 7 0
195 244 7 0
196 244 7 0
193 194 3 1
194 194 3 1
195 194 3 1
196 194 3 1
197 194 3 1
198 194 3 1
199 194 3 1
186 169 3 1
187 169 3 1
188 169 3 1
189 169 3 1
190 169 3 1
191 169 3 1
192 169 3 1
229 219 2 0
230 219 2 0
231 219 2 0
232 219 2 0
233 219 2 0
234 219 2 0
235 219 2 0
186 144 3 1
187 144 3 1
188 144 3 1
189 144 3 1
190 144 3 1
191 144 3 1
225 194 2 0
192 144 3 1
226 194 2 0
193 144 3 1
227 194 2 0
228 194 2 0
229 194 2 0
212 169 2 0
230 194 2 0
213 169 2 0
231 194 2 0
214 169 2 0
215 169 2 0
182 119 3 1
216 169 2 0
183 119 3 1
217 169 2 0
184 119 3 1
218 169 2 0
185 119 3 1
219 169 2 0
186 119 3 1
187 119 3 1
188 119 3 1
173 94 3 1
174 94 3 1
175 94 3 1
176 94 3 1
210 144 2 0
160 69 3 1
177 94 3 1
211 144 2 0
161 69 3 1
178 94 3 1
212 144 2 0
162 69 3 1
179 94 3 1
213 144 2 0
163 69 3 1
214 144 2 0
164 69 3 1
215 144 2 0
165 69 3 1
216 144 2 0
166 69 3 1
167 69 3 1
208 119 2 0
209 119 2 0
210 119 2 0
211 119 2 0
212 119 2 0
213 119 2 0
214 119 2 0
215 119 2 0
199 94 2 0
200 94 2 0
201 94 2 0
202 94 2 0
203 94 2 0
204 94 2 0
205 94 2 0
206 94 2 0
189 69 2 0
190 69 2 0
191 69 2 0
192 69 2 0
193 69 2 0
194 69 2 0
13 245 7 0
195 69 2 0
14 245 7 0
196 69 2 0
15 245 7 0
16 245 7 0
17 245 7 0
18 245 7 0
19 245 7 0
20 245 7 0
21 245 7 0
48 270 7 0
49 270 7 0
50 270 7 0
51 270 7 0
52 270 7 0
53 270 7 0
54 270 7 0
55 270 7 0
56 270 7 0
57 270 7 0
58 270 7 0
41 245 6 1
59 270 7 0
42 245 6 1
60 270 7 0
43 245 6 1
61 270 7 0
44 245 6 1
62 270 7 0
45 245 6 1
63 270 7 0
46 245 6 1
64 270 7 0
47 245 6 1
65 270 7 0
48 245 6 1
66 270 7 0
49 245 6 1
67 270 7 0
50 245 6 1
68 270 7 0
51 245 6 1
69 270 7 0
52 245 6 1
70 270 7 0
53 245 6 1
71 270 7 0
54 245 6 1
72 270 7 0
55 245 6 1
73 270 7 0
56 245 6 1
74 270 7 0
57 245 6 1
75 270 7 0
58 245 6 1
76 270 7 0
59 245 6 1
77 270 7 0
60 245 6 1
78 270 7 0
61 245 6 1
79 270 7 0
62 245 6 1
80 270 7 0
63 245 6 1
81 270 7 0
64 245 6 1
13 170 5 0
82 270 7 0
65 245 6 1
14 170 5 0
83 270 7 0
66 245 6 1
15 170 5 0
84 270 7 0
67 245 6 1
16 170 5 0
85 270 7 0
68 245 6 1
17 170 5 0
86 270 7 0
69 245 6 1
18 170 5 0
87 270 7 0
70 245 6 1
19 170 5 0
88 270 7 0
71 245 6 1
20 170 5 0
89 270 7 0
72 245 6 1
90 270 7 0
73 245 6 1
91 270 7 0
74 245 6 1
92 270 7 0
75 245 6 1
93 270 7 0
76 245 6 1
94 270 7 0
77 245 6 1
95 270 7 0
96 270 7 0
97 270 7 0
98 270 7 0
23 145 5 0
24 145 5 0
25 145 5 0
26 145 5 0
27 145 5 0
28 145 5 0
29 145 5 0
30 145 5 0
31 145 5 0
53 170 4 1
54 170 4 1
55 170 4 1
56 170 4 1
57 170 4 1
58 170 4 1
59 170 4 1
36 120 5 0
37 120 5 0
38 120 5 0
39 120 5 0
40 120 5 0
41 120 5 0
42 120 5 0
43 120 5 0
44 120 5 0
67 145 4 1
68 145 4 1
69 145 4 1
70 145 4 1
71 145 4 1
72 145 4 1
158 270 7 0
73 145 4 1
159 270 7 0
74 145 4 1
160 270 7 0
75 145 4 1
161 270 7 0
162 270 7 0
163 270 7 0
164 270 7 0
165 270 7 0
166 270 7 0
167 270 7 0
168 270 7 0
169 270 7 0
170 270 7 0
171 270 7 0
65 95 5 0
66 95 5 0
84 120 4 1
67 95 5 0
85 120 4 1
68 95 5 0
86 120 4 1
69 95 5 0
87 120 4 1
70 95 5 0
88 120 4 1
71 95 5 0
89 120 4 1
72 95 5 0
90 120 4 1
73 95 5 0
91 120 4 1
74 95 5 0
75 95 5 0
190 245 7 0
191 245 7 0
192 245 7 0
193 245 7 0
194 245 7 0
195 245 7 0
196 245 7 0
197 245 7 0
193 195 3 1
194 195 3 1
195 195 3 1
196 195 3 1
197 195 3 1
198 195 3 1
199 195 3 1
200 195 3 1
186 170 3 1
187 170 3 1
188 170 3 1
189 170 3 1
190 170 3 1
191 170 3 1
192 170 3 1
229 220 2 0
230 220 2 0
231 220 2 0
232 220 2 0
233 220 2 0
234 220 2 0
235 220 2 0
187 145 3 1
188 145 3 1
189 145 3 1
190 145 3 1
191 145 3 1
225 195 2 0
192 145 3 1
226 195 2 0
193 145 3 1
227 195 2 0
228 195 2 0
229 195 2 0
212 170 2 0
230 195 2 0
213 170 2 0
231 195 2 0
214 170 2 0
215 170 2 0
182 120 3 1
216 170 2 0
183 120 3 1
217 170 2 0
184 120 3 1
218 170 2 0
185 120 3 1
219 170 2 0
186 120 3 1
187 120 3 1
188 120 3 1
189 120 3 1
173 95 3 1
174 95 3 1
175 95 3 1
176 95 3 1
210 145 2 0
177 95 3 1
211 145 2 0
161 70 3 1
178 95 3 1
212 145 2 0
162 70 3 1
179 95 3 1
213 145 2 0
163 70 3 1
180 95 3 1
214 145 2 0
164 70 3 1
215 145 2 0
165 70 3 1
216 145 2 0
166 70 3 1
167 70 3 1
209 120 2 0
210 120 2 0
211 120 2 0
212 120 2 0
213 120 2 0
214 120 2 0
215 120 2 0
200 95 2 0
201 95 2 0
202 95 2 0
203 95 2 0
204 95 2 0
205 95 2 0
206 95 2 0
190 70 2 0
191 70 2 0
192 70 2 0
193 70 2 0
194 70 2 0
195 70 2 0
14 246 7 0
196 70 2 0
15 246 7 0
16 246 7 0
17 246 7 0
18 246 7 0
19 246 7 0
20 246 7 0
21 246 7 0
50 271 7 0
51 271 7 0
52 271 7 0
53 271 7 0
54 271 7 0
55 271 7 0
56 271 7 0
57 271 7 0
58 271 7 0
59 271 7 0
60 271 7 0
61 271 7 0
62 271 7 0
45 246 6 1
63 271 7 0
46 246 6 1
64 271 7 0
47 246 6 1
65 271 7 0
48 246 6 1
66 271 7 0
49 246 6 1
67 271 7 0
50 246 6 1
68 271 7 0
51 246 6 1
69 271 7 0
52 246 6 1
70 271 7 0
53 246 6 1
71 271 7 0
54 246 6 1
72 271 7 0
55 246 6 1
73 271 7 0
56 246 6 1
74 271 7 0
57 246 6 1
75 271 7 0
58 246 6 1
76 271 7 0
59 246 6 1
77 271 7 0
60 246 6 1
78 271 7 0
61 246 6 1
79 271 7 0
62 246 6 1
80 271 7 0
63 246 6 1
12 171 5 0
81 271 7 0
64 246 6 1
13 171 5 0
82 271 7 0
65 246 6 1
14 171 5 0
83 271 7 0
66 246 6 1
15 171 5 0
84 271 7 0
67 246 6 1
16 171 5 0
85 271 7 0
68 246 6 1
17 171 5 0
86 271 7 0
69 246 6 1
18 171 5 0
87 271 7 0
70 246 6 1
19 171 5 0
88 271 7 0
71 246 6 1
89 271 7 0
72 246 6 1
90 271 7 0
73 246 6 1
91 271 7 0
74 246 6 1
92 271 7 0
75 246 6 1
93 271 7 0
76 246 6 1
94 271 7 0
77 246 6 1
95 271 7 0
78 246 6 1
96 271 7 0
79 246 6 1
97 271 7 0
98 271 7 0
99 271 7 0
100 271 7 0
101 271 7 0
102 271 7 0
103 271 7 0
23 146 5 0
24 146 5 0
25 146 5 0
26 146 5 0
27 146 5 0
28 146 5 0
29 146 5 0
30 146 5 0
53 171 4 1
54 171 4 1
55 171 4 1
56 171 4 1
57 171 4 1
58 171 4 1
59 171 4 1
35 121 5 0
36 121 5 0
37 121 5 0
38 121 5 0
39 121 5 0
40 121 5 0
41 121 5 0
42 121 5 0
43 121 5 0
65 146 4 1
66 146 4 1
67 146 4 1
68 146 4 1
69 146 4 1
70 146 4 1
156 271 7 0
71 146 4 1
157 271 7 0
72 146 4 1
158 271 7 0
73 146 4 1
159 271 7 0
74 146 4 1
160 271 7 0
75 146 4 1
161 271 7 0
162 271 7 0
163 271 7 0
164 271 7 0
165 271 7 0
166 271 7 0
167 271 7 0
168 271 7 0
169 271 7 0
64 96 5 0
65 96 5 0
66 96 5 0
169 246 6 1
84 121 4 1
67 96 5 0
85 121 4 1
68 96 5 0
86 121 4 1
69 96 5 0
87 121 4 1
70 96 5 0
88 121 4 1
71 96 5 0
89 121 4 1
72 96 5 0
90 121 4 1
73 96 5 0
91 121 4 1
74 96 5 0
189 246 7 0
190 246 7 0
191 246 7 0
192 246 7 0
193 246 7 0
194 246 7 0
195 246 7 0
196 246 7 0
194 196 3 1
195 196 3 1
196 196 3 1
197 196 3 1
198 196 3 1
199 196 3 1
200 196 3 1
186 171 3 1
187 171 3 1
188 171 3 1
189 171 3 1
190 171 3 1
191 171 3 1
192 171 3 1
193 171 3 1
229 221 2 0
230 221 2 0
231 221 2 0
232 221 2 0
233 221 2 0
234 221 2 0
235 221 2 0
236 221 2 0
187 146 3 1
188 146 3 1
189 146 3 1
190 146 3 1
191 146 3 1
225 196 2 0
192 146 3 1
226 196 2 0
193 146 3 1
227 196 2 0
228 196 2 0
229 196 2 0
212 171 2 0
230 196 2 0
213 171 2 0
231 196 2 0
214 171 2 0
215 171 2 0
216 171 2 0
183 121 3 1
217 171 2 0
184 121 3 1
218 171 2 0
185 121 3 1
219 171 2 0
186 121 3 1
220 171 2 0
187 121 3 1
221 171 2 0
188 121 3 1
189 121 3 1
174 96 3 1
175 96 3 1
176 96 3 1
210 146 2 0
177 96 3 1
211 146 2 0
161 71 3 1
178 96 3 1
212 146 2 0
162 71 3 1
179 96 3 1
213 146 2 0
163 71 3 1
180 96 3 1
214 146 2 0
164 71 3 1
215 146 2 0
165 71 3 1
216 146 2 0
166 71 3 1
167 71 3 1
209 121 2 0
210 121 2 0
211 121 2 0
212 121 2 0
213 121 2 0
214 121 2 0
215 121 2 0
200 96 2 0
201 96 2 0
202 96 2 0
203 96 2 0
204 96 2 0
205 96 2 0
206 96 2 0
190 71 2 0
191 71 2 0
192 71 2 0
193 71 2 0
194 71 2 0
195 71 2 0
196 71 2 0
15 247 7 0
197 71 2 0
16 247 7 0
17 247 7 0
18 247 7 0
19 247 7 0
20 247 7 0
21 247 7 0
51 272 7 0
52 272 7 0
53 272 7 0
54 272 7 0
55 272 7 0
56 272 7 0
57 272 7 0
58 272 7 0
59 272 7 0
60 272 7 0
61 272 7 0
62 272 7 0
63 272 7 0
64 272 7 0
47 247 6 1
65 272 7 0
48 247 6 1
66 272 7 0
49 247 6 1
67 272 7 0
50 247 6 1
68 272 7 0
51 247 6 1
69 272 7 0
52 247 6 1
70 272 7 0
53 247 6 1
71 272 7 0
54 247 6 1
72 272 7 0
55 247 6 1
73 272 7 0
56 247 6 1
74 272 7 0
57 247 6 1
75 272 7 0
58 247 6 1
76 272 7 0
59 247 6 1
77 272 7 0
60 247 6 1
78 272 7 0
61 247 6 1
79 272 7 0
62 247 6 1
80 272 7 0
63 247 6 1
12 172 5 0
81 272 7 0
64 247 6 1
13 172 5 0
82 272 7 0
65 247 6 1
14 172 5 0
83 272 7 0
66 247 6 1
15 172 5 0
84 272 7 0
67 247 6 1
16 172 5 0
85 272 7 0
68 247 6 1
17 172 5 0
86 272 7 0
69 247 6 1
18 172 5 0
87 272 7 0
70 247 6 1
19 172 5 0
88 272 7 0
71 247 6 1
89 272 7 0
72 247 6 1
90 272 7 0
73 247 6 1
91 272 7 0
74 247 6 1
92 272 7 0
75 247 6 1
93 272 7 0
76 247 6 1
94 272 7 0
77 247 6 1
95 272 7 0
78 247 6 1
96 272 7 0
79 247 6 1
97 272 7 0
80 247 6 1
98 272 7 0
81 247 6 1
99 272 7 0
82 247 6 1
100 272 7 0
83 247 6 1
101 272 7 0
102 272 7 0
103 272 7 0
104 272 7 0
105 272 7 0
22 147 5 0
23 147 5 0
24 147 5 0
25 147 5 0
26 147 5 0
27 147 5 0
28 147 5 0
29 147 5 0
54 172 4 1
55 172 4 1
56 172 4 1
57 172 4 1
58 172 4 1
35 122 5 0
36 122 5 0
37 122 5 0
38 122 5 0
39 122 5 0
40 122 5 0
41 122 5 0
42 122 5 0
43 122 5 0
65 147 4 1
66 147 4 1
67 147 4 1
68 147 4 1
154 272 7 0
69 147 4 1
155 272 7 0
70 147 4 1
156 272 7 0
71 147 4 1
157 272 7 0
72 147 4 1
158 272 7 0
73 147 4 1
159 272 7 0
160 272 7 0
161 272 7 0
162 272 7 0
163 272 7 0
164 272 7 0
165 272 7 0
166 272 7 0
167 272 7 0
168 272 7 0
164 247 6 1
62 97 5 0
165 247 6 1
63 97 5 0
166 247 6 1
64 97 5 0
167 247 6 1
65 97 5 0
168 247 6 1
83 122 4 1
66 97 5 0
169 247 6 1
84 122 4 1
67 97 5 0
170 247 6 1
85 122 4 1
68 97 5 0
171 247 6 1
86 122 4 1
69 97 5 0
87 122 4 1
70 97 5 0
88 122 4 1
71 97 5 0
89 122 4 1
72 97 5 0
90 122 4 1
73 97 5 0
74 97 5 0
189 247 7 0
190 247 7 0
191 247 7 0
192 247 7 0
193 247 7 0
194 247 7 0
195 247 7 0
196 247 7 0
194 197 3 1
195 197 3 1
196 197 3 1
197 197 3 1
198 197 3 1
199 197 3 1
200 197 3 1
186 172 3 1
187 172 3 1
188 172 3 1
189 172 3 1
190 172 3 1
191 172 3 1
192 172 3 1
193 172 3 1
230 222 2 0
231 222 2 0
232 222 2 0
233 222 2 0
234 222 2 0
235 222 2 0
236 222 2 0
187 147 3 1
188 147 3 1
189 147 3 1
190 147 3 1
191 147 3 1
225 197 2 0
192 147 3 1
226 197 2 0
193 147 3 1
227 197 2 0
228 197 2 0
229 197 2 0
230 197 2 0
213 172 2 0
231 197 2 0
214 172 2 0
215 172 2 0
216 172 2 0
183 122 3 1
217 172 2 0
184 122 3 1
218 172 2 0
185 122 3 1
219 172 2 0
186 122 3 1
220 172 2 0
187 122 3 1
221 172 2 0
188 122 3 1
189 122 3 1
190 122 3 1
174 97 3 1
175 97 3 1
176 97 3 1
210 147 2 0
177 97 3 1
211 147 2 0
161 72 3 1
178 97 3 1
212 147 2 0
162 72 3 1
179 97 3 1
213 147 2 0
163 72 3 1
180 97 3 1
214 147 2 0
164 72 3 1
215 147 2 0
165 72 3 1
216 147 2 0
166 72 3 1
167 72 3 1
168 72 3 1
209 122 2 0
210 122 2 0
211 122 2 0
212 122 2 0
213 122 2 0
214 122 2 0
215 122 2 0
200 97 2 0
201 97 2 0
202 97 2 0
203 97 2 0
204 97 2 0
205 97 2 0
206 97 2 0
207 97 2 0
191 72 2 0
192 72 2 0
193 72 2 0
194 72 2 0
195 72 2 0
196 72 2 0
197 72 2 0
16 248 7 0
17 248 7 0
18 248 7 0
19 248 7 0
20 248 7 0
21 248 7 0
22 248 7 0
53 273 7 0
54 273 7 0
55 273 7 0
56 273 7 0
57 273 7 0
58 273 7 0
59 273 7 0
60 273 7 0
61 273 7 0
62 273 7 0
63 273 7 0
64 273 7 0
65 273 7 0
66 273 7 0
67 273 7 0
68 273 7 0
69 273 7 0
70 273 7 0
71 273 7 0
72 273 7 0
73 273 7 0
74 273 7 0
57 248 6 1
75 273 7 0
58 248 6 1
76 273 7 0
59 248 6 1
77 273 7 0
60 248 6 1
78 273 7 0
61 248 6 1
79 273 7 0
62 248 6 1
11 173 5 0
80 273 7 0
63 248 6 1
12 173 5 0
81 273 7 0
64 248 6 1
13 173 5 0
82 273 7 0
65 248 6 1
14 173 5 0
83 273 7 0
66 248 6 1
15 173 5 0
84 273 7 0
67 248 6 1
16 173 5 0
85 273 7 0
68 248 6 1
17 173 5 0
86 273 7 0
69 248 6 1
18 173 5 0
87 273 7 0
70 248 6 1
88 273 7 0
71 248 6 1
89 273 7 0
72 248 6 1
90 273 7 0
73 248 6 1
91 273 7 0
74 248 6 1
92 273 7 0
75 248 6 1
93 273 7 0
76 248 6 1
94 273 7 0
77 248 6 1
95 273 7 0
78 248 6 1
96 273 7 0
79 248 6 1
97 273 7 0
80 248 6 1
98 273 7 0
81 248 6 1
99 273 7 0
82 248 6 1
100 273 7 0
83 248 6 1
101 273 7 0
84 248 6 1
102 273 7 0
85 248 6 1
103 273 7 0
104 273 7 0
105 273 7 0
106 273 7 0
21 148 5 0
107 273 7 0
22 148 5 0
108 273 7 0
23 148 5 0
24 148 5 0
25 148 5 0
26 148 5 0
27 148 5 0
28 148 5 0
29 148 5 0
54 173 4 1
55 173 4 1
56 173 4 1
57 173 4 1
58 173 4 1
34 123 5 0
35 123 5 0
36 123 5 0
37 123 5 0
38 123 5 0
39 123 5 0
40 123 5 0
41 123 5 0
42 123 5 0
64 148 4 1
65 148 4 1
66 148 4 1
152 273 7 0
67 148 4 1
153 273 7 0
68 148 4 1
154 273 7 0
69 148 4 1
155 273 7 0
70 148 4 1
156 273 7 0
71 148 4 1
157 273 7 0
72 148 4 1
158 273 7 0
159 273 7 0
160 273 7 0
161 273 7 0
162 273 7 0
163 273 7 0
164 273 7 0
165 273 7 0
166 273 7 0
167 273 7 0
162 248 6 1
60 98 5 0
163 248 6 1
61 98 5 0
164 248 6 1
62 98 5 0
165 248 6 1
63 98 5 0
166 248 6 1
64 98 5 0
167 248 6 1
65 98 5 0
168 248 6 1
83 123 4 1
66 98 5 0
169 248 6 1
84 123 4 1
67 98 5 0
170 248 6 1
85 123 4 1
68 98 5 0
171 248 6 1
86 123 4 1
69 98 5 0
87 123 4 1
70 98 5 0
88 123 4 1
71 98 5 0
89 123 4 1
72 98 5 0
90 123 4 1
73 98 5 0
187 248 7 0
188 248 7 0
189 248 7 0
190 248 7 0
191 248 7 0
192 248 7 0
193 248 7 0
194 248 7 0
195 248 7 0
194 198 3 1
195 198 3 1
196 198 3 1
197 198 3 1
198 198 3 1
199 198 3 1
200 198 3 1
187 173 3 1
188 173 3 1
189 173 3 1
190 173 3 1
191 173 3 1
192 173 3 1
193 173 3 1
194 173 3 1
230 223 2 0
231 223 2 0
232 223 2 0
233 223 2 0
234 223 2 0
235 223 2 0
187 148 3 1
188 148 3 1
189 148 3 1
190 148 3 1
191 148 3 1
225 198 2 0
192 148 3 1
226 198 2 0
193 148 3 1
227 198 2 0
228 198 2 0
229 198 2 0
230 198 2 0
213 173 2 0
231 198 2 0
214 173 2 0
215 173 2 0
216 173 2 0
217 173 2 0
184 123 3 1
218 173 2 0
185 123 3 1
219 173 2 0
186 123 3 1
220 173 2 0
187 123 3 1
221 173 2 0
188 123 3 1
222 173 2 0
189 123 3 1
190 123 3 1
174 98 3 1
175 98 3 1
176 98 3 1
210 148 2 0
177 98 3 1
211 148 2 0
178 98 3 1
212 148 2 0
162 73 3 1
179 98 3 1
213 148 2 0
163 73 3 1
180 98 3 1
214 148 2 0
164 73 3 1
181 98 3 1
215 148 2 0
165 73 3 1
216 148 2 0
166 73 3 1
167 73 3 1
168 73 3 1
209 123 2 0
210 123 2 0
211 123 2 0
212 123 2 0
213 123 2 0
214 123 2 0
215 123 2 0
201 98 2 0
202 98 2 0
203 98 2 0
204 98 2 0
205 98 2 0
206 98 2 0
207 98 2 0
191 73 2 0
192 73 2 0
193 73 2 0
194 73 2 0
195 73 2 0
196 73 2 0
197 73 2 0
16 249 7 0
198 73 2 0
17 249 7 0
18 249 7 0
183 48 2 0
19 249 7 0
20 249 7 0
21 249 7 0
22 249 7 0
70 274 7 0
71 274 7 0
72 274 7 0
73 274 7 0
74 274 7 0
75 274 7 0
76 274 7 0
60 249 6 1
77 274 7 0
61 249 6 1
78 274 7 0
62 249 6 1
11 174 5 0
79 274 7 0
63 249 6 1
12 174 5 0
80 274 7 0
64 249 6 1
13 174 5 0
81 274 7 0
65 249 6 1
14 174 5 0
82 274 7 0
66 249 6 1
15 174 5 0
83 274 7 0
67 249 6 1
16 174 5 0
84 274 7 0
68 249 6 1
17 174 5 0
85 274 7 0
69 249 6 1
86 274 7 0
70 249 6 1
87 274 7 0
71 249 6 1
88 274 7 0
72 249 6 1
89 274 7 0
73 249 6 1
90 274 7 0
74 249 6 1
91 274 7 0
75 249 6 1
92 274 7 0
76 249 6 1
93 274 7 0
77 249 6 1
94 274 7 0
78 249 6 1
95 274 7 0
79 249 6 1
96 274 7 0
97 274 7 0
80 249 6 1
98 274 7 0
81 249 6 1
99 274 7 0
82 249 6 1
100 274 7 0
83 249 6 1
101 274 7 0
84 249 6 1
102 274 7 0
85 249 6 1
103 274 7 0
86 249 6 1
104 274 7 0
87 249 6 1
105 274 7 0
88 249 6 1
21 149 5 0
106 274 7 0
89 249 6 1
22 149 5 0
107 274 7 0
90 249 6 1
23 149 5 0
108 274 7 0
24 149 5 0
109 274 7 0
25 149 5 0
110 274 7 0
26 149 5 0
27 149 5 0
28 149 5 0
56 174 4 1
34 124 5 0
35 124 5 0
36 124 5 0
37 124 5 0
38 124 5 0
39 124 5 0
40 124 5 0
41 124 5 0
42 124 5 0
63 149 4 1
64 149 4 1
65 149 4 1
150 274 7 0
66 149 4 1
151 274 7 0
67 149 4 1
152 274 7 0
68 149 4 1
153 274 7 0
69 149 4 1
154 274 7 0
70 149 4 1
155 274 7 0
71 149 4 1
156 274 7 0
157 274 7 0
158 274 7 0
159 274 7 0
160 274 7 0
161 274 7 0
162 274 7 0
163 274 7 0
164 274 7 0
165 274 7 0
158 249 6 1
159 249 6 1
160 249 6 1
59 99 5 0
161 249 6 1
60 99 5 0
162 249 6 1
61 99 5 0
163 249 6 1
62 99 5 0
164 249 6 1
63 99 5 0
165 249 6 1
64 99 5 0
166 249 6 1
82 124 4 1
65 99 5 0
167 249 6 1
83 124 4 1
66 99 5 0
168 249 6 1
84 124 4 1
67 99 5 0
169 249 6 1
85 124 4 1
68 99 5 0
170 249 6 1
86 124 4 1
69 99 5 0
171 249 6 1
87 124 4 1
70 99 5 0
172 249 6 1
88 124 4 1
71 99 5 0
89 124 4 1
187 249 7 0
188 249 7 0
189 249 7 0
190 249 7 0
191 249 7 0
192 249 7 0
193 249 7 0
194 249 7 0
194 199 3 1
195 199 3 1
196 199 3 1
197 199 3 1
198 199 3 1
199 199 3 1
200 199 3 1
187 174 3 1
188 174 3 1
189 174 3 1
190 174 3 1
191 174 3 1
192 174 3 1
193 174 3 1
194 174 3 1
231 224 2 0
232 224 2 0
233 224 2 0
234 224 2 0
235 224 2 0
187 149 3 1
188 149 3 1
189 149 3 1
190 149 3 1
191 149 3 1
225 199 2 0
192 149 3 1
226 199 2 0
193 149 3 1
227 199 2 0
228 199 2 0
229 199 2 0
230 199 2 0
231 199 2 0
232 199 2 0
215 174 2 0
216 174 2 0
217 174 2 0
184 124 3 1
218 174 2 0
185 124 3 1
219 174 2 0
186 124 3 1
220 174 2 0
187 124 3 1
221 174 2 0
188 124 3 1
222 174 2 0
189 124 3 1
190 124 3 1
175 99 3 1
176 99 3 1
210 149 2 0
177 99 3 1
211 149 2 0
178 99 3 1
212 149 2 0
162 74 3 1
179 99 3 1
213 149 2 0
163 74 3 1
180 99 3 1
214 149 2 0
164 74 3 1
181 99 3 1
215 149 2 0
165 74 3 1
216 149 2 0
166 74 3 1
167 74 3 1
168 74 3 1
209 124 2 0
210 124 2 0
211 124 2 0
212 124 2 0
213 124 2 0
214 124 2 0
215 124 2 0
216 124 2 0
201 99 2 0
202 99 2 0
203 99 2 0
204 99 2 0
205 99 2 0
206 99 2 0
207 99 2 0
208 99 2 0
192 74 2 0
193 74 2 0
194 74 2 0
195 74 2 0
196 74 2 0
197 74 2 0
198 74 2 0
181 49 2 0
17 250 7 0
182 49 2 0
18 250 7 0
183 49 2 0
19 250 7 0
184 49 2 0
20 250 7 0
185 49 2 0
21 250 7 0
22 250 7 0
23 250 7 0
73 275 7 0
74 275 7 0
75 275 7 0
76 275 7 0
77 275 7 0
78 275 7 0
10 175 5 0
79 275 7 0
11 175 5 0
80 275 7 0
12 175 5 0
81 275 7 0
13 175 5 0
65 250 6 1
82 275 7 0
14 175 5 0
66 250 6 1
83 275 7 0
15 175 5 0
67 250 6 1
84 275 7 0
16 175 5 0
68 250 6 1
85 275 7 0
17 175 5 0
69 250 6 1
86 275 7 0
70 250 6 1
87 275 7 0
71 250 6 1
88 275 7 0
72 250 6 1
89 275 7 0
73 250 6 1
90 275 7 0
74 250 6 1
91 275 7 0
75 250 6 1
92 275 7 0
76 250 6 1
93 275 7 0
77 250 6 1
94 275 7 0
78 250 6 1
95 275 7 0
79 250 6 1
96 275 7 0
80 250 6 1
97 275 7 0
81 250 6 1
98 275 7 0
82 250 6 1
99 275 7 0
83 250 6 1
100 275 7 0
84 250 6 1
101 275 7 0
85 250 6 1
102 275 7 0
86 250 6 1
103 275 7 0
87 250 6 1
104 275 7 0
20 150 5 0
88 250 6 1
105 275 7 0
21 150 5 0
89 250 6 1
106 275 7 0
22 150 5 0
90 250 6 1
107 275 7 0
23 150 5 0
91 250 6 1
108 275 7 0
24 150 5 0
92 250 6 1
109 275 7 0
25 150 5 0
110 275 7 0
26 150 5 0
111 275 7 0
27 150 5 0
112 275 7 0
113 275 7 0
34 125 5 0
35 125 5 0
36 125 5 0
37 125 5 0
38 125 5 0
39 125 5 0
40 125 5 0
146 275 7 0
62 150 4 1
147 275 7 0
63 150 4 1
148 275 7 0
64 150 4 1
149 275 7 0
65 150 4 1
150 275 7 0
66 150 4 1
151 275 7 0
67 150 4 1
152 275 7 0
68 150 4 1
153 275 7 0
69 150 4 1
154 275 7 0
70 150 4 1
155 275 7 0
71 150 4 1
156 275 7 0
157 275 7 0
158 275 7 0
159 275 7 0
160 275 7 0
161 275 7 0
162 275 7 0
163 275 7 0
155 250 6 1
156 250 6 1
157 250 6 1
158 250 6 1
159 250 6 1
58 100 5 0
160 250 6 1
59 100 5 0
161 250 6 1
60 100 5 0
162 250 6 1
61 100 5 0
163 250 6 1
62 100 5 0
164 250 6 1
63 100 5 0
165 250 6 1
64 100 5 0
166 250 6 1
65 100 5 0
82 125 4 1
167 250 6 1
66 100 5 0
83 125 4 1
168 250 6 1
67 100 5 0
84 125 4 1
169 250 6 1
